333873, 87.19, -11.42, -6.55, 9.32, 18.20, 86.78, 1.09 
333910, 87.28, -4.71, -6.54, 9.32, 18.19, 86.83, 0.51 
333947, 87.13, 15.35, -6.54, 9.32, 18.19, 86.86, 1.99 
333984, 86.98, 5.87, -6.54, 9.32, 18.19, 86.88, 2.38 
334021, 87.29, 15.15, -6.54, 9.32, 18.19, 86.91, 3.66 
334058, 87.23, -1.17, -6.55, 9.33, 18.18, 86.94, 3.19 
334095, 86.95, 1.05, -6.56, 9.34, 18.18, 86.93, 2.98 
334132, 87.19, 5.65, -6.57, 9.35, 18.19, 86.94, 3.26 
334169, 87.30, 16.81, -6.58, 9.36, 18.18, 86.97, 4.62 
334206, 87.08, 8.83, -6.58, 9.37, 18.17, 86.98, 5.05 
334243, 87.05, 9.73, -6.59, 9.36, 18.18, 86.98, 5.51 
334280, 86.59, 1.91, -6.59, 9.36, 18.17, 86.94, 5.15 
334317, 87.61, -0.67, -6.59, 9.35, 18.18, 87.01, 4.56 
334354, 86.53, 6.03, -6.59, 9.35, 18.19, 86.97, 4.70 
334391, 86.67, -5.33, -6.59, 9.35, 18.18, 86.93, 3.70 
334428, 87.02, 3.74, -6.58, 9.35, 18.18, 86.95, 3.71 
334465, 87.25, 5.89, -6.59, 9.35, 18.17, 86.98, 3.92 
334502, 86.20, 10.15, -6.59, 9.35, 18.18, 86.89, 4.55 
334539, 86.86, -6.12, -6.60, 9.34, 18.18, 86.89, 3.48 
334576, 86.88, 17.03, -6.60, 9.35, 18.19, 86.88, 4.84 
334613, 86.61, 0.48, -6.61, 9.35, 18.18, 86.85, 4.40 
334650, 86.86, -7.13, -6.61, 9.35, 18.18, 86.84, 3.25 
334687, 86.73, 5.46, -6.62, 9.36, 18.18, 86.83, 3.48 
334724, 86.35, 7.51, -6.63, 9.36, 18.19, 86.77, 3.89 
334761, 86.95, 5.82, -6.63, 9.36, 18.19, 86.79, 4.08 
334798, 87.21, -3.47, -6.63, 9.37, 18.19, 86.83, 3.33 
334835, 87.11, -5.55, -6.62, 9.37, 18.21, 86.87, 2.44 
334872, 86.30, -2.58, -6.62, 9.37, 18.21, 86.81, 1.94
334909, 87.46, 5.08, -6.62, 9.37, 18.21, 86.88, 2.25 
334946, 86.23, -11.06, -6.62, 9.37, 18.22, 86.81, 0.93 
334983, 86.81, 5.56, -6.63, 9.38, 18.22, 86.81, 1.39 
335020, 87.20, 1.15, -6.63, 9.39, 18.22, 86.84, 1.38 
335057, 86.14, -0.84, -6.63, 9.40, 18.22, 86.77, 1.17 
335094, 86.26, -2.62, -6.64, 9.42, 18.22, 86.71, 0.80 
335131, 86.95, -2.12, -6.65, 9.42, 18.22, 86.72, 0.51 
335168, 86.86, -2.56, -6.65, 9.42, 18.22, 86.73, 0.21 
335205, 86.66, 0.00, -6.66, 9.43, 18.21, 86.72, 0.19 
335242, 87.03, 2.70, -6.66, 9.42, 18.21, 86.75, 0.44 
335279, 86.79, -7.00, -6.67, 9.42, 18.22, 86.75, -0.31 
335316, 86.53, 5.62, -6.67, 9.42, 18.23, 86.73, 0.29 
335353, 87.18, 5.14, -6.66, 9.41, 18.23, 86.78, 0.77 
335390, 86.31, -6.05, -6.67, 9.41, 18.23, 86.73, 0.07 
335427, 87.03, 0.00, -6.67, 9.40, 18.22, 86.76, 0.06 
335464, 86.47, 3.60, -6.67, 9.40, 18.23, 86.73, 0.41 
335501, 87.02, 19.72, -6.67, 9.40, 18.23, 86.75, 2.35 
335538, 86.84, 3.61, -6.68, 9.41, 18.23, 86.76, 2.48 
335575, 86.90, 1.04, -6.68, 9.41, 18.22, 86.77, 2.34 
335612, 86.18, -0.42, -6.69, 9.41, 18.22, 86.70, 2.07 
335649, 86.50, 1.83, -6.71, 9.42, 18.21, 86.67, 2.05 
335686, 86.13, 6.25, -6.72, 9.42, 18.21, 86.61, 2.47 
335723, 87.32, 7.20, -6.72, 9.41, 18.22, 86.67, 2.94 
335760, 87.51, -13.88, -6.72, 9.42, 18.23, 86.76, 1.26 
335797, 86.40, 8.00, -6.71, 9.41, 18.23, 86.73, 1.93 
335834, 86.72, 2.96, -6.71, 9.41, 18.23, 86.73, 2.03 
335871, 87.24, 15.95, -6.70, 9.41, 18.24, 86.79, 3.42 
335908, 86.62, 0.95, -6.70, 9.41, 18.24, 86.77, 3.18 
335945, 86.31, 5.62, -6.71, 9.43, 18.24, 86.72, 3.43 
335982, 86.46, -9.02, -6.71, 9.44, 18.23, 86.69, 2.20 
336019, 86.51, 1.39, -6.71, 9.46, 18.24, 86.67, 2.14 
336056, 87.24, -11.42, -6.72, 9.47, 18.25, 86.72, 0.79 
336093, 87.01, -4.28, -6.73, 9.48, 18.24, 86.74, 0.29 
336130, 86.50, 6.84, -6.74, 9.48, 18.24, 86.71, 0.95 
336167, 86.80, 13.32, -6.74, 9.49, 18.24, 86.72, 2.20 
336204, 87.28, 5.30, -6.74, 9.49, 18.25, 86.78, 2.51 
336241, 87.16, 0.00, -6.73, 9.49, 18.25, 86.82, 2.25 
336278, 86.26, 5.62, -6.73, 9.48, 18.26, 86.77, 2.59 
336315, 87.34, 3.04, -6.73, 9.50, 18.27, 86.82, 2.64 
336352, 87.01, 2.16, -6.73, 9.50, 18.29, 86.85, 2.60 
336389, 86.27, 6.05, -6.73, 9.49, 18.29, 86.79, 2.94 
336426, 87.06, 0.00, -6.73, 9.49, 18.28, 86.82, 2.64 
336463, 86.66, 3.42, -6.73, 9.49, 18.28, 86.79, 2.72 
336500, 86.35, -4.37, -6.73, 9.49, 18.28, 86.75, 2.01 
336537, 87.23, 2.34, -6.74, 9.49, 18.29, 86.79, 2.04 
336574, 86.98, -3.71, -6.75, 9.49, 18.29, 86.80, 1.47 
336611, 86.83, -0.51, -6.76, 9.50, 18.29, 86.80, 1.28 
336648, 87.21, 14.31, -6.76, 9.50, 18.28, 86.83, 2.58 
336685, 86.64, 3.88, -6.76, 9.50, 18.29, 86.82, 2.71 
336722, 87.19, 19.65, -6.76, 9.52, 18.29, 86.86, 4.42 
336759, 87.06, 35.02, -6.76, 9.51, 18.11, 86.87, 7.48 
336796, 86.66, -37.87, -6.78, 9.52, 18.00, 86.84, 2.95 
336833, 86.55, -49.92, -6.80, 9.51, 18.01, 86.79, -2.35 
336870, 86.20, -45.00, -6.85, 9.50, 18.03, 86.68, -6.62 
336907, 84.89, -35.95, -6.92, 9.51, 18.03, 86.45, -9.55 
336944, 84.88, -31.61, -6.93, 9.50, 18.04, 86.27, -11.76 
336981, 85.53, -36.35, -6.96, 9.51, 18.05, 86.18, -14.21 
337018, 84.78, -32.53, -7.01, 9.51, 18.05, 85.99, -16.05 
337055, 84.01, -22.31, -7.05, 9.51, 18.07, 85.76, -16.67 
337092, 84.73, -28.02, -7.09, 9.51, 18.11, 85.62, -17.81 
337129, 84.35, -55.13, -7.27, 9.50, 18.14, 85.33, -21.55 
337166, 84.31, 69.29, -7.27, 9.53, 18.03, 85.23, -12.43 
337203, 81.22, 5.06, -7.42, 9.50, 18.06, 84.70, -10.71 
337240, 84.99, 30.21, -7.75, 9.49, 18.08, 84.42, -6.63 
337277, 62.82, -24.08, -8.27, 9.56, 18.09, 81.79, -8.31 
337314, 89.03, 82.17, -8.82, 9.57, 18.09, 82.03, 0.74 
337351, 77.94, 13.66, -9.37, 9.56, 18.21, 81.12, 2.02 
337388, 62.35, -1.29, -9.68, 9.54, 18.25, 78.97, 1.68 
337425, 64.51, -3.33, -9.70, 9.53, 18.25, 77.50, 1.16 
337462, 63.28, -4.62, -9.78, 9.52, 18.25, 76.01, 0.58 
337499, 65.20, 4.34, -9.93, 9.53, 18.26, 74.79, 0.97 
337536, 60.32, -3.30, -10.09, 9.54, 18.25, 73.20, 0.55 
337573, 59.04, -4.60, -10.26, 9.54, 18.24, 71.63, 0.03 
337610, 58.27, -4.44, -10.35, 9.54, 18.23, 70.21, -0.42 
337647, 68.99, 21.54, -10.23, 9.55, 18.09, 70.20, 1.79 
337684, 58.16, -3.58, -10.28, 9.53, 18.08, 68.95, 1.24 
337721, 58.02, -3.58, -10.35, 9.53, 18.07, 67.80, 0.75 
337758, 57.22, -2.99, -10.50, 9.53, 18.08, 66.61, 0.38 
337795, 59.03, -3.61, -10.74, 9.54, 18.07, 65.63, -0.01 
337832, 52.19, -5.79, -11.24, 9.54, 18.09, 63.83, -0.59 
337869, 52.12, -1.76, -11.53, 9.53, 18.09, 62.40, -0.71 
337906, 47.18, -2.98, -11.61, 9.52, 18.11, 60.80, -0.95 
337943, 45.83, -1.33, -11.75, 9.51, 18.14, 59.19, -1.00 
337980, 44.60, -1.90, -11.88, 9.51, 18.09, 57.61, -1.09 
338017, 44.15, -2.75, -12.05, 9.51, 18.04, 56.11, -1.25 
338054, 41.51, 1.21, -12.42, 9.49, 18.01, 54.32, -1.02 
338091, 36.53, -2.89, -12.78, 9.49, 18.00, 52.22, -1.22 
338128, 32.85, -2.64, -13.14, 9.48, 17.98, 49.95, -1.37 
338165, 31.94, -2.28, -13.26, 9.49, 17.99, 48.04, -1.45 
338202, 31.29, -1.50, -13.28, 9.49, 17.98, 46.35, -1.45 
338239, 31.63, -1.78, -13.35, 9.49, 17.95, 44.82, -1.48 
338276, 31.08, -2.65, -13.44, 9.49, 17.93, 43.36, -1.60 
338313, 47.80, 20.05, -13.65, 9.47, 17.92, 43.61, 0.55 
338350, 27.00, -1.89, -13.81, 9.46, 17.96, 41.81, 0.29 
338387, 26.23, -2.49, -13.93, 9.44, 17.95, 40.15, -0.00 
338424, 26.22, -2.69, -14.04, 9.43, 17.99, 38.66, -0.28 
338461, 24.39, -2.20, -14.14, 9.41, 18.03, 37.14, -0.49 
338498, 23.18, -2.24, -14.27, 9.39, 18.06, 35.62, -0.68 
338535, 22.34, 0.93, -14.45, 9.38, 18.06, 34.14, -0.53 
338572, 18.42, -1.50, -14.60, 9.38, 18.02, 32.43, -0.63 
338609, 18.06, -0.98, -14.76, 9.38, 18.01, 30.84, -0.66 
338646, 14.04, -2.16, -14.90, 9.37, 17.97, 29.04, -0.82 
338683, 16.22, -0.55, -15.25, 9.36, 17.87, 27.44, -0.80 
338720, 11.11, -3.05, -15.53, 9.35, 17.91, 25.56, -1.04 
338757, 11.59, -0.45, -15.75, 9.33, 17.96, 23.97, -1.00
338794, 10.41, 0.61, -16.00, 9.31, 17.96, 22.38, -0.85 
338831, 2.09, -3.93, -16.25, 9.30, 17.99, 20.13, -1.17 
338868, 4.57, 0.46, -16.40, 9.29, 18.04, 18.43, -1.02 
338905, 3.84, -0.37, -16.59, 9.28, 18.08, 16.81, -0.96 
338942, 2.42, -0.48, -16.70, 9.27, 18.12, 15.27, -0.92 
338979, 2.39, -0.24, -16.77, 9.27, 18.14, 13.92, -0.85 
339016, 1.03, -0.87, -16.85, 9.27, 18.15, 12.56, -0.85 
339053, 1.30, -0.16, -16.95, 9.26, 18.14, 11.34, -0.79 
339090, 1.09, -0.46, -17.06, 9.26, 18.13, 10.21, -0.76 
339127, -0.32, -0.51, -17.08, 9.27, 18.13, 9.15, -0.73 
339164, -0.50, 0.05, -17.08, 9.28, 18.13, 8.18, -0.64 
339201, -0.53, -0.29, -17.08, 9.28, 18.13, 7.31, -0.61 
339238, -0.26, -0.24, -17.09, 9.29, 18.12, 6.55, -0.56 
339275, -0.61, -1.14, -17.09, 9.30, 18.12, 5.83, -0.61 
339312, -25.76, -11.50, -17.09, 9.30, 18.01, 2.67, -1.70 
339349, -0.98, -0.21, -17.09, 9.29, 18.01, 2.31, -1.56 
339386, -0.68, 0.11, -17.10, 9.28, 18.01, 2.00, -1.40 
339423, -3.84, 0.11, -17.09, 9.27, 18.01, 1.42, -1.26 
339460, -0.85, -0.24, -17.09, 9.28, 18.02, 1.19, -1.15 
339497, -4.59, 0.35, -17.10, 9.29, 18.12, 0.61, -0.99 
339534, -2.08, -0.18, -17.09, 9.29, 18.16, 0.35, -0.91 
339571, -0.45, -0.59, -17.09, 9.29, 18.16, 0.26, -0.88 
339608, -0.45, 0.13, -17.10, 9.29, 18.16, 0.19, -0.78 
339645, -0.19, -0.46, -17.10, 9.29, 18.17, 0.15, -0.74 
339682, 2.71, 0.05, -17.10, 9.30, 18.52, 0.40, -0.65 
339719, -4.67, -0.85, -17.10, 9.30, 18.72, -0.10, -0.67 
339756, 0.08, -0.29, -17.10, 9.31, 18.73, -0.09, -0.63 
339793, -0.43, -0.03, -17.11, 9.32, 18.72, -0.13, -0.56 
339830, -0.32, 0.00, -17.12, 9.33, 18.73, -0.16, -0.50 
339867, -0.56, -0.11, -17.12, 9.32, 18.72, -0.20, -0.46 
339904, -0.45, 0.00, -17.13, 9.33, 18.71, -0.23, -0.40 
339941, 0.21, -0.48, -17.14, 9.34, 18.71, -0.19, -0.41 
339978, -0.40, -0.13, -17.13, 9.33, 18.72, -0.21, -0.39 
340015, -0.27, -0.40, -17.13, 9.33, 18.71, -0.21, -0.39 
340052, -0.30, -0.59, -17.14, 9.34, 18.71, -0.23, -0.40 
340089, -0.08, -0.61, -17.14, 9.35, 18.71, -0.21, -0.42 
340126, 0.11, -0.43, -17.13, 9.35, 18.71, -0.17, -0.41 
340163, -0.05, -0.87, -17.13, 9.35, 18.73, -0.16, -0.46 
340200, -0.67, -0.16, -17.14, 9.34, 18.74, -0.22, -0.44 
340237, 0.29, -0.74, -17.13, 9.34, 18.75, -0.16, -0.47 
340274, -0.24, -0.40, -17.14, 9.34, 18.75, -0.18, -0.46 
340311, 2.83, -8.10, -17.15, 9.35, 18.62, 0.11, -1.22 
340348, -21.90, -4.90, -17.14, 9.39, 18.48, -2.08, -1.55 
340385, 1.61, -5.65, -17.13, 9.38, 18.57, -1.70, -1.97 
340422, -1.50, -6.41, -17.16, 9.40, 18.60, -1.71, -2.40 
340459, 0.42, -1.38, -17.17, 9.40, 18.59, -1.50, -2.29 
340496, -0.55, 0.42, -17.17, 9.40, 18.59, -1.41, -2.02 
340533, 1.08, 1.63, -17.16, 9.40, 18.53, -1.16, -1.66 
340570, 0.11, 0.85, -17.16, 9.40, 18.49, -1.03, -1.41 
340607, -4.48, -1.33, -17.17, 9.40, 18.48, -1.38, -1.40 
340644, 1.51, -5.20, -17.17, 9.39, 18.42, -1.09, -1.79 
340681, -0.80, -0.13, -17.17, 9.40, 18.42, -1.06, -1.62 
340718, 0.77, 8.10, -17.17, 9.39, 18.48, -0.88, -0.65 
340755, 3.35, -3.87, -17.17, 9.39, 18.51, -0.45, -0.97 
340792, -0.27, -1.14, -17.17, 9.39, 18.59, -0.43, -0.99 
340829, -0.03, 0.24, -17.18, 9.39, 18.59, -0.40, -0.86 
340866, -0.75, -0.16, -17.18, 9.40, 18.58, -0.44, -0.79 
340903, -0.03, -0.21, -17.18, 9.40, 18.59, -0.40, -0.73 
340940, -0.70, -0.29, -17.19, 9.41, 18.59, -0.44, -0.68 
340977, -0.56, 0.00, -17.20, 9.41, 18.59, -0.46, -0.61 
341014, -0.51, 0.05, -17.20, 9.41, 18.59, -0.46, -0.54 
341051, -0.11, 0.16, -17.20, 9.42, 18.59, -0.42, -0.47 
341088, 6.83, -3.68, -17.19, 9.42, 18.50, 0.30, -0.79 
341125, -2.20, 1.55, -17.20, 9.42, 18.43, 0.05, -0.55 
341162, -0.34, -0.87, -17.19, 9.41, 18.37, 0.01, -0.59 
341199, -0.85, -0.16, -17.20, 9.42, 18.37, -0.07, -0.54 
341236, 0.13, -0.35, -17.20, 9.42, 18.37, -0.06, -0.52 
341273, -0.40, 0.00, -17.20, 9.42, 18.37, -0.09, -0.47 
341310, -0.55, -1.06, -17.21, 9.42, 18.37, -0.14, -0.53 
341347, -0.43, -0.43, -17.21, 9.43, 18.36, -0.18, -0.51 
341384, -0.66, -0.13, -17.21, 9.43, 18.36, -0.23, -0.47 
341421, -0.53, -0.48, -17.22, 9.43, 18.36, -0.26, -0.47 
341458, -0.50, -0.40, -17.22, 9.45, 18.36, -0.29, -0.44 
341495, -0.67, -0.51, -17.23, 9.44, 18.37, -0.33, -0.46 
341532, -0.40, -0.03, -17.22, 9.44, 18.36, -0.34, -0.42 
341569, -0.35, -0.35, -17.22, 9.45, 18.37, -0.34, -0.40 
341606, -1.00, -0.30, -17.23, 9.44, 18.38, -0.41, -0.40 
341643, -0.43, 0.05, -17.22, 9.44, 18.39, -0.40, -0.36 
341680, -0.29, -0.34, -17.22, 9.43, 18.41, -0.39, -0.36 
341717, -0.74, -0.29, -17.22, 9.43, 18.40, -0.43, -0.36 
341754, -0.53, -0.55, -17.22, 9.43, 18.40, -0.44, -0.38 
341791, -0.21, -0.50, -17.23, 9.44, 18.41, -0.42, -0.38 
341828, 0.40, 0.03, -17.23, 9.44, 18.41, -0.34, -0.34 
341865, 0.11, -0.75, -17.23, 9.43, 18.40, -0.30, -0.38 
341902, -0.56, -0.32, -17.24, 9.43, 18.40, -0.33, -0.38 
341939, -0.85, 0.08, -17.24, 9.44, 18.41, -0.39, -0.33 
341976, 0.19, -0.43, -17.25, 9.45, 18.40, -0.33, -0.33 
342013, -0.19, -0.16, -17.25, 9.46, 18.41, -0.32, -0.31 
342050, 0.21, 0.26, -17.25, 9.45, 18.40, -0.26, -0.25 
342087, -1.19, -0.53, -17.25, 9.46, 18.41, -0.36, -0.28 
342124, -0.29, -0.69, -17.25, 9.46, 18.42, -0.35, -0.32 
342161, -0.45, 0.50, -17.26, 9.47, 18.43, -0.37, -0.22 
342198, 0.19, -0.83, -17.26, 9.47, 18.44, -0.31, -0.29 
342235, -0.34, -0.53, -17.26, 9.47, 18.43, -0.32, -0.31 
342272, 0.19, -0.32, -17.26, 9.48, 18.42, -0.27, -0.30 
342309, -1.13, -0.29, -17.27, 9.50, 18.41, -0.36, -0.28 
342346, -0.24, -0.29, -17.27, 9.50, 18.42, -0.35, -0.28 
342383, -0.29, -0.48, -17.27, 9.51, 18.41, -0.35, -0.29 
342420, -0.67, 0.05, -17.28, 9.51, 18.41, -0.39, -0.26 
342457, -0.48, -0.91, -17.28, 9.50, 18.42, -0.40, -0.33 
342494, -0.45, -0.71, -17.28, 9.49, 18.44, -0.40, -0.38 
342531, -1.12, 0.11, -17.28, 9.49, 18.44, -0.47, -0.33 
342568, -0.64, -0.59, -17.29, 9.49, 18.44, -0.49, -0.36 
342605, 0.11, -0.32, -17.29, 9.48, 18.45, -0.44, -0.36 
342642, 0.13, -0.43, -17.29, 9.49, 18.46, -0.38, -0.36 
342679, -0.74, 0.29, -17.30, 9.50, 18.47, -0.43, -0.29 
342716, -0.51, 0.13, -17.30, 9.51, 18.47, -0.44, -0.23 
342753, -0.96, -1.54, -17.31, 9.52, 18.46, -0.49, -0.36 
342790, -0.11, 0.54, -17.32, 9.53, 18.45, -0.47, -0.26 
342827, 0.29, -0.32, -17.33, 9.54, 18.44, -0.40, -0.26 
342864, 0.03, 0.19, -17.34, 9.54, 18.42, -0.36, -0.21 
342901, 0.19, -0.58, -17.34, 9.55, 18.44, -0.31, -0.24 
342938, -0.13, -0.03, -17.34, 9.55, 18.46, -0.29, -0.21 
342975, -0.08, 0.05, -17.34, 9.56, 18.46, -0.27, -0.18 
343012, -0.24, -0.03, -17.34, 9.58, 18.45, -0.27, -0.15 
343049, -0.67, -0.16, -17.34, 9.58, 18.45, -0.30, -0.15 
343086, -0.03, -0.29, -17.34, 9.58, 18.46, -0.28, -0.17 
343123, -0.43, -0.75, -17.34, 9.58, 18.48, -0.30, -0.22 
343160, -0.37, 0.16, -17.35, 9.59, 18.50, -0.31, -0.18 
343197, -1.22, -0.03, -17.35, 9.59, 18.51, -0.40, -0.16 
343234, -0.32, 0.21, -17.35, 9.58, 18.51, -0.39, -0.13 
343271, 0.05, -0.53, -17.37, 9.59, 18.50, -0.37, -0.16 
343308, 0.32, -0.19, -17.38, 9.59, 18.50, -0.31, -0.16 
343345, -0.53, 0.18, -17.38, 9.59, 18.49, -0.33, -0.13 
343382, -0.56, 0.13, -17.38, 9.60, 18.50, -0.36, -0.10 
343419, -0.13, -0.91, -17.38, 9.60, 18.50, -0.33, -0.18 
343456, -0.50, -0.88, -17.38, 9.61, 18.50, -0.35, -0.24 
343493, -0.11, 0.29, -17.38, 9.61, 18.50, -0.32, -0.19 
343530, -0.11, -0.37, -17.37, 9.60, 18.48, -0.29, -0.21 
343567, -0.54, -0.24, -17.36, 9.60, 18.47, -0.31, -0.22 
343604, -0.13, -0.51, -17.35, 9.59, 18.48, -0.29, -0.25 
343641, -0.32, -0.05, -17.36, 9.60, 18.48, -0.29, -0.22 
343678, 0.40, -0.24, -17.36, 9.61, 18.48, -0.22, -0.22 
343715, -1.04, 0.11, -17.37, 9.62, 18.48, -0.31, -0.18 
343752, 0.00, 0.24, -17.37, 9.62, 18.48, -0.28, -0.13 
343789, 0.13, -0.29, -17.37, 9.62, 18.49, -0.24, -0.15 
343826, -0.45, -0.05, -17.38, 9.62, 18.49, -0.27, -0.14 
343863, -0.56, -0.48, -17.38, 9.63, 18.49, -0.30, -0.17 
343900, -0.27, -0.90, -17.37, 9.63, 18.49, -0.29, -0.24 
343937, -0.48, -0.45, -17.37, 9.63, 18.50, -0.31, -0.26 
343974, -0.69, 0.24, -17.37, 9.63, 18.50, -0.35, -0.21 
344011, -0.64, -0.21, -17.37, 9.63, 18.49, -0.38, -0.21 
344048, 0.24, -0.32, -17.37, 9.63, 18.49, -0.31, -0.22 
344085, -1.07, 0.43, -17.37, 9.63, 18.50, -0.39, -0.15 
344122, -0.05, 0.08, -17.37, 9.64, 18.49, -0.36, -0.12 
344159, 0.11, 0.40, -17.37, 9.64, 18.49, -0.31, -0.07 
344196, 0.16, -0.08, -17.38, 9.65, 18.48, -0.27, -0.06 
344233, -0.91, -0.16, -17.38, 9.66, 18.48, -0.34, -0.07 
344270, -0.45, -0.19, -17.38, 9.66, 18.48, -0.35, -0.07 
344307, -0.77, -0.69, -17.40, 9.67, 18.49, -0.40, -0.13 
344344, 0.03, -0.37, -17.39, 9.66, 18.50, -0.36, -0.16 
344381, -0.74, -0.32, -17.39, 9.66, 18.49, -0.40, -0.18 
344418, -0.19, -0.75, -17.39, 9.66, 18.49, -0.37, -0.23 
344455, -0.16, -0.58, -17.39, 9.66, 18.49, -0.35, -0.27 
344492, -1.21, -0.05, -17.38, 9.65, 18.50, -0.43, -0.26 
344529, -0.11, -1.03, -17.38, 9.66, 18.51, -0.39, -0.32 
344566, -0.49, -0.54, -17.38, 9.65, 18.51, -0.40, -0.35 
344603, -0.16, -0.80, -17.38, 9.66, 18.52, -0.38, -0.39 
344640, -3.15, -1.70, -17.38, 9.68, 18.86, -0.66, -0.51 
344677, 0.08, -0.48, -17.39, 9.68, 18.85, -0.59, -0.50 
344714, 5.29, 6.66, -17.39, 9.69, 18.91, -0.01, 0.22 
344751, -5.90, -3.54, -17.39, 9.69, 19.01, -0.60, -0.16 
344788, -0.48, -0.21, -17.40, 9.70, 19.02, -0.59, -0.15 
344825, 0.16, 0.11, -17.40, 9.70, 19.03, -0.52, -0.13 
344862, -4.90, -4.08, -17.40, 9.69, 19.17, -0.95, -0.53 
344899, -0.29, -0.24, -17.40, 9.70, 19.17, -0.89, -0.49 
344936, -12.56, -18.03, -17.41, 9.69, 19.54, -2.06, -2.25 
344973, -0.08, -0.11, -17.40, 9.68, 19.56, -1.86, -2.04 
345010, 1.11, 1.95, -17.40, 9.68, 19.97, -1.56, -1.65 
345047, 2.12, 1.65, -17.40, 9.67, 20.08, -1.19, -1.33 
345084, -3.72, -3.61, -17.44, 9.67, 20.59, -1.48, -1.56 
345121, -3.62, -6.66, -17.44, 9.65, 21.19, -1.70, -2.08 
345158, -28.97, -32.78, -17.45, 9.65, 22.13, -4.43, -5.15 
345195, -6.61, -7.60, -17.47, 9.67, 22.44, -4.66, -5.38 
345232, -2.39, -3.09, -17.47, 9.67, 22.69, -4.44, -5.15 
345269, 20.14, 33.77, -17.46, 9.69, 23.00, -1.98, -1.24 
345306, -9.63, -8.83, -17.47, 9.70, 23.44, -2.75, -1.99 
345343, -6.13, -18.55, -17.48, 9.70, 23.98, -3.10, -3.64 
345380, -3.80, 1.22, -17.46, 9.69, 24.76, -3.15, -3.17 
345417, -22.37, -21.44, -17.44, 9.70, 25.57, -5.06, -4.99 
345454, 21.55, 14.02, -17.45, 9.70, 26.51, -2.40, -3.09 
345491, -0.24, -2.65, -17.43, 9.72, 27.14, -2.17, -3.03 
345528, 1.14, -0.51, -17.43, 9.71, 27.46, -1.83, -2.78 
345565, -4.73, -2.46, -17.43, 9.72, 27.75, -2.12, -2.75 
345602, -4.14, 0.67, -17.42, 9.72, 27.93, -2.31, -2.40 
345639, -6.11, -3.84, -17.43, 9.74, 28.01, -2.71, -2.53 
345676, 12.68, 4.56, -17.42, 9.74, 28.07, -1.16, -1.82 
345713, 2.13, 1.19, -17.43, 9.76, 28.09, -0.83, -1.50 
345750, -3.92, -2.19, -17.44, 9.76, 28.00, -1.15, -1.57 
345787, 5.52, -4.53, -17.44, 9.76, 27.95, -0.48, -1.86 
345824, 4.92, 1.80, -17.43, 9.79, 27.89, 0.06, -1.48 
345861, 3.51, -1.77, -17.43, 9.79, 27.88, 0.40, -1.50 
345898, 9.60, 1.46, -17.42, 9.78, 27.92, 1.33, -1.21 
345935, -1.32, 1.53, -17.41, 9.80, 27.98, 1.08, -0.92 
345972, -1.94, 2.32, -17.42, 9.82, 28.02, 0.77, -0.58 
346009, 9.77, -1.19, -17.42, 9.81, 28.08, 1.67, -0.65 
346046, 2.05, -0.62, -17.42, 9.82, 28.09, 1.70, -0.64 
346083, -13.22, 3.87, -17.42, 9.87, 28.13, 0.22, -0.14 
346120, -17.17, -0.74, -17.42, 9.86, 28.14, -1.53, -0.21 
346157, 1.76, -0.81, -17.43, 9.88, 28.16, -1.21, -0.25 
346194, -2.57, 0.34, -17.45, 9.87, 28.21, -1.36, -0.20 
346231, -1.33, 0.72, -17.45, 9.88, 28.20, -1.36, -0.10 
346268, 5.30, 2.75, -17.44, 9.91, 28.34, -0.68, 0.22 
346305, -1.19, 0.45, -17.53, 9.90, 28.37, -0.82, 0.23 
346342, -0.42, 0.45, -17.58, 9.89, 28.36, -0.82, 0.24 
346379, -0.39, 0.73, -17.74, 9.89, 28.34, -0.93, 0.29 
346416, -3.77, 3.29, -18.04, 9.87, 28.48, -1.48, 0.57 
346453, -4.66, 1.13, -18.35, 9.87, 28.52, -2.07, 0.63 
346490, -0.56, 9.86, -18.54, 9.86, 28.77, -2.09, 1.54 
346527, 54.64, -74.30, -18.92, 9.87, 28.61, 3.24, -6.03 
346564, -16.34, -0.68, -19.09, 9.88, 28.64, 1.12, -5.49 
346601, -14.42, 0.55, -19.20, 9.90, 28.70, -0.53, -4.87 
346638, -16.22, 0.63, -19.45, 9.91, 28.69, -2.32, -4.31 
346675, -16.72, 0.28, -19.61, 9.93, 28.70, -3.91, -3.83 
346712, -19.61, 0.14, -19.85, 9.95, 28.65, -5.69, -3.42 
346749, -24.23, -1.10, -20.01, 9.96, 28.71, -7.69, -3.17 
346786, -22.48, -0.78, -20.09, 9.96, 28.76, -9.24, -2.93 
346823, -21.39, -2.22, -20.19, 9.98, 28.73, -10.55, -2.85 
346860, -27.94, -0.97, -20.37, 10.00, 28.74, -12.45, -2.64 
346897, -24.38, -0.67, -20.40, 10.01, 28.69, -13.67, -2.44 
346934, -26.01, -1.08, -20.50, 10.00, 28.68, -14.99, -2.31 
346971, -18.03, 5.00, -20.54, 9.99, 28.70, -15.33, -1.59 
347008, -25.54, -1.34, -20.58, 10.00, 28.71, -16.39, -1.56 
347045, -27.22, -0.75, -20.61, 10.01, 28.74, -17.50, -1.46 
347082, -26.60, -0.66, -20.59, 10.02, 28.75, -18.39, -1.37 
347119, -26.52, -0.77, -20.61, 10.03, 28.74, -19.22, -1.30 
347156, -26.78, -1.10, -20.66, 10.04, 28.73, -20.02, -1.28 
347193, -27.45, -1.04, -20.72, 10.04, 28.76, -20.82, -1.25 
347230, -27.23, -2.24, -20.78, 10.05, 28.77, -21.51, -1.34 
347267, -27.76, -1.85, -20.79, 10.04, 28.78, -22.15, -1.40 
347304, -27.86, -2.40, -20.86, 10.04, 28.79, -22.78, -1.50 
347341, -29.34, -1.49, -20.95, 10.05, 28.82, -23.52, -1.49 
347378, -29.66, -1.97, -21.03, 10.05, 28.83, -24.20, -1.54 
347415, -30.77, -1.62, -21.31, 10.07, 28.81, -25.11, -1.52 
347452, -29.75, 1.00, -21.57, 10.07, 28.83, -25.81, -1.27 
347489, -33.81, -0.67, -21.71, 10.08, 28.85, -26.74, -1.20 
347526, -36.57, -2.88, -21.73, 10.10, 28.88, -27.74, -1.36 
347563, -35.36, -2.63, -21.72, 10.11, 28.89, -28.49, -1.47 
347600, -34.77, -2.12, -21.73, 10.12, 28.90, -29.13, -1.54 
347637, -35.19, -2.59, -21.77, 10.13, 28.91, -29.77, -1.63 
347674, -34.64, -2.62, -21.81, 10.13, 28.92, -30.29, -1.73 
347711, -35.02, -2.29, -21.83, 10.14, 28.95, -30.79, -1.78 
347748, -35.96, -3.08, -21.94, 10.15, 28.94, -31.40, -1.90 
347785, -37.35, -3.16, -22.03, 10.17, 28.95, -32.08, -2.01 
347822, -37.58, -4.03, -22.13, 10.18, 28.94, -32.72, -2.20 
347859, -38.98, -3.46, -22.25, 10.19, 28.94, -33.45, -2.31 
347933, -39.00, -2.51, -22.35, 10.21, 28.95, -34.57, -2.33 
347970, -39.88, -2.60, -22.36, 10.21, 28.86, -35.12, -2.35 
348007, -38.90, -0.93, -22.29, 10.22, 28.77, -35.43, -2.20 
348044, -39.13, -3.05, -22.31, 10.22, 28.76, -35.82, -2.28 
348081, -41.14, 10.20, -22.31, 10.20, 28.66, -36.35, -1.05 
348118, -45.69, -3.28, -22.60, 10.25, 28.57, -37.55, -1.23 
348155, -40.23, -1.50, -22.65, 10.26, 28.57, -37.85, -1.25 
348192, -39.94, -1.80, -22.71, 10.23, 28.58, -38.12, -1.34 
348229, -43.65, -7.05, -22.85, 10.25, 28.53, -38.80, -1.89 
348266, -42.11, -1.69, -22.98, 10.26, 28.48, -39.25, -1.86 
348303, -44.34, -1.93, -23.11, 10.28, 28.42, -39.87, -1.85 
348340, -45.00, -1.29, -23.13, 10.28, 28.41, -40.40, -1.79 
348377, -43.36, -0.85, -23.17, 10.27, 28.39, -40.73, -1.71 
348414, -44.15, -2.08, -23.28, 10.27, 28.36, -41.17, -1.74 
348451, -45.57, -0.15, -23.42, 10.28, 28.28, -41.74, -1.57 
348488, -46.79, 0.42, -23.51, 10.28, 28.27, -42.33, -1.38 
348525, -47.91, -0.81, -23.63, 10.28, 28.29, -42.99, -1.32 
348562, -49.66, -1.89, -23.75, 10.29, 28.28, -43.77, -1.36 
348599, -46.03, -0.11, -24.13, 10.31, 28.22, -44.33, -1.23 
348636, -51.62, 0.51, -24.26, 10.30, 28.18, -45.19, -1.06 
348673, -53.78, -1.27, -24.45, 10.30, 28.15, -46.22, -1.08 
348710, -52.86, 1.05, -24.54, 10.31, 28.18, -46.96, -0.86 
348747, -55.72, -1.54, -24.65, 10.31, 28.22, -47.93, -0.93 
348784, -58.13, -3.77, -24.76, 10.31, 28.24, -49.05, -1.21 
348821, -59.16, -6.91, -24.87, 10.31, 28.25, -50.16, -1.78 
348858, -59.62, 0.63, -25.16, 10.33, 28.25, -51.36, -1.52 
348895, -61.49, -5.10, -25.35, 10.32, 28.29, -52.55, -1.89 
348932, -64.39, -1.89, -25.62, 10.34, 28.30, -53.98, -1.87 
348969, -64.20, -2.83, -25.74, 10.34, 28.32, -55.11, -1.97 
349006, -64.28, -3.56, -25.81, 10.35, 28.32, -56.09, -2.12 
349043, -65.85, -2.66, -25.94, 10.35, 28.32, -57.18, -2.18 
349080, -65.85, -1.18, -26.07, 10.36, 28.32, -58.16, -2.07 
349117, -56.96, 42.26, -26.28, 10.37, 28.35, -58.23, 2.38 
349154, -69.55, -1.57, -26.50, 10.37, 28.41, -59.56, 1.99 
349191, -72.54, -4.49, -26.74, 10.38, 28.42, -61.08, 1.34 
349228, -73.13, -10.01, -26.87, 10.39, 28.42, -62.40, 0.21 
349265, -74.46, -9.18, -26.96, 10.40, 28.43, -63.68, -0.71 
349302, -74.30, -10.00, -27.01, 10.40, 28.42, -64.80, -1.64 
349339, -75.30, -9.36, -27.09, 10.41, 28.41, -65.91, -2.41 
349376, -78.01, -11.23, -27.30, 10.43, 28.36, -67.31, -3.27 
349413, -76.51, -6.79, -27.64, 10.44, 28.36, -68.54, -3.61 
349450, -79.20, -15.24, -28.00, 10.47, 28.35, -69.93, -4.75 
349487, -82.47, -22.82, -28.11, 10.48, 28.34, -71.29, -6.55 
349524, -82.19, -24.19, -28.15, 10.49, 28.34, -72.41, -8.30 
349561, -82.28, -20.08, -28.23, 10.49, 28.34, -73.47, -9.48 
349598, -82.51, -21.98, -28.29, 10.48, 28.27, -74.42, -10.73 
349635, -83.14, 9.20, -28.29, 10.48, 28.19, -75.29, -8.74 
349672, -82.59, -9.32, -28.28, 10.48, 28.17, -76.01, -8.81 
349709, -83.22, 8.68, -28.28, 10.49, 28.01, -76.74, -7.05 
349746, -83.06, 8.96, -28.22, 10.48, 27.83, -77.32, -5.45 
349783, -81.78, 28.94, -28.14, 10.49, 27.74, -77.69, -2.00 
349820, -80.82, 16.22, -28.06, 10.50, 27.74, -77.93, -0.17 
349857, -80.78, 16.78, -28.00, 10.51, 27.75, -78.16, 1.53 
349894, -80.63, 17.88, -28.04, 10.51, 27.74, -78.45, 3.17 
349931, -80.80, 19.75, -28.13, 10.52, 27.75, -78.76, 4.84 
349968, -81.64, 23.06, -28.20, 10.53, 27.75, -79.11, 6.66 
350005, -82.61, 17.79, -28.25, 10.55, 27.76, -79.51, 7.79 
350042, -82.18, 22.15, -28.29, 10.55, 27.84, -79.81, 9.23 
350079, -82.68, 5.94, -28.39, 10.56, 28.00, -80.19, 8.91 
350116, -84.10, 11.57, -28.40, 10.56, 28.16, -80.59, 9.18 
350153, -84.87, -30.26, -28.39, 10.56, 28.20, -81.01, 5.23 
350190, -84.22, -1.09, -28.39, 10.56, 28.20, -81.33, 4.60 
350227, -84.57, -9.37, -28.39, 10.57, 28.20, -81.65, 3.21 
350264, -84.11, -17.54, -28.39, 10.59, 28.19, -81.90, 1.15 
350301, -84.29, -10.83, -28.40, 10.59, 28.18, -82.14, -0.04 
350338, -84.14, -9.59, -28.39, 10.59, 28.19, -82.34, -0.99 
350375, -84.33, -7.54, -28.41, 10.60, 28.18, -82.55, -1.64 
350412, -84.11, -13.53, -28.42, 10.60, 28.19, -82.72, -2.83 
350449, -84.38, -6.40, -28.43, 10.60, 28.19, -82.89, -3.19 
350486, -84.02, -2.64, -28.43, 10.60, 28.19, -83.01, -3.14 
350523, -84.29, -9.02, -28.43, 10.59, 28.19, -83.13, -3.73 
350560, -83.74, -9.01, -28.43, 10.59, 28.18, -83.19, -4.26 
350597, -84.43, -4.79, -28.43, 10.59, 28.19, -83.32, -4.31 
350634, -83.99, -12.11, -28.43, 10.58, 28.18, -83.39, -5.10 
350671, -84.09, -10.07, -28.43, 10.59, 28.19, -83.46, -5.59 
350708, -84.05, -7.65, -28.45, 10.59, 28.17, -83.53, -5.79 
350745, -83.63, -2.28, -28.45, 10.60, 28.16, -83.54, -5.43 
350782, -83.48, -5.54, -28.45, 10.61, 28.16, -83.54, -5.43 
350819, -83.78, -8.80, -28.45, 10.63, 28.16, -83.56, -5.76 
350856, -84.25, -4.40, -28.46, 10.64, 28.16, -83.64, -5.61 
350893, -83.81, -11.11, -28.47, 10.64, 28.16, -83.66, -6.16 
350930, -84.43, -16.80, -28.48, 10.65, 28.15, -83.75, -7.21 
350967, -83.77, -4.28, -28.48, 10.65, 28.16, -83.75, -6.92 
351004, -83.94, -12.86, -28.48, 10.65, 28.17, -83.77, -7.52 
351041, -84.74, -14.04, -28.47, 10.65, 28.17, -83.86, -8.17 
351078, -84.29, -2.77, -28.47, 10.64, 28.18, -83.91, -7.64 
351115, -84.39, -7.09, -28.47, 10.64, 28.18, -83.95, -7.58 
351152, -84.42, -9.32, -28.47, 10.63, 28.18, -84.00, -7.76 
351189, -83.88, -4.66, -28.48, 10.64, 28.17, -83.99, -7.45 
351226, -84.75, -7.79, -28.48, 10.64, 28.18, -84.07, -7.48 
351263, -84.28, -12.00, -28.49, 10.65, 28.18, -84.10, -7.92 
351300, -84.85, -13.60, -28.50, 10.66, 28.19, -84.18, -8.48 
351337, -84.55, -5.77, -28.51, 10.66, 28.19, -84.23, -8.21 
351374, -84.09, -4.54, -28.52, 10.68, 28.19, -84.23, -7.83 
351411, -84.42, -10.98, -28.52, 10.68, 28.20, -84.25, -8.14 
351448, -84.29, -4.40, -28.52, 10.68, 28.21, -84.25, -7.76 
351485, -84.74, -9.96, -28.52, 10.68, 28.21, -84.30, -7.99 
351522, -84.42, -13.70, -28.52, 10.68, 28.22, -84.31, -8.56 
351559, -84.49, -9.42, -28.52, 10.67, 28.23, -84.33, -8.65 
351596, -85.11, -9.88, -28.51, 10.67, 28.23, -84.40, -8.77 
351633, -83.94, -3.92, -28.52, 10.68, 28.23, -84.36, -8.28 
351670, -84.32, -20.01, -28.52, 10.70, 28.22, -84.36, -9.44 
351707, -84.89, -8.56, -28.53, 10.70, 28.22, -84.42, -9.34 
351744, -84.52, -13.08, -28.54, 10.70, 28.22, -84.44, -9.72 
351781, -84.89, -15.90, -28.55, 10.71, 28.22, -84.49, -10.33 
351818, -85.30, -3.99, -28.55, 10.72, 28.21, -84.58, -9.68 
351855, -85.50, -45.00, -28.55, 10.73, 28.35, -84.66, -13.21 
351892, -84.81, -32.01, -28.55, 10.73, 28.38, -84.67, -15.09 
351929, -84.37, -23.10, -28.55, 10.74, 28.40, -84.65, -15.88 
351966, -85.03, -26.94, -28.55, 10.73, 28.41, -84.68, -16.99 
352003, -84.26, -18.43, -28.54, 10.73, 28.43, -84.64, -17.14 
352040, -85.25, -25.35, -28.54, 10.73, 28.43, -84.70, -17.96 
352077, -84.88, -22.60, -28.55, 10.72, 28.43, -84.72, -18.43 
352114, -84.53, -14.24, -28.55, 10.72, 28.42, -84.71, -18.02 
352151, -84.60, -17.10, -28.56, 10.73, 28.42, -84.70, -17.92 
352188, -84.75, -24.49, -28.57, 10.73, 28.42, -84.71, -18.57 
352225, -84.58, -20.01, -28.58, 10.73, 28.41, -84.71, -18.71 
352262, -83.79, -23.20, -28.59, 10.74, 28.41, -84.63, -19.15 
352299, -84.42, -17.04, -28.59, 10.75, 28.41, -84.61, -18.93 
352336, -83.99, -13.17, -28.59, 10.75, 28.40, -84.55, -18.36 
352373, -85.00, -21.14, -28.60, 10.75, 28.41, -84.60, -18.64 
352410, -84.42, -14.10, -28.59, 10.74, 28.40, -84.58, -18.19 
352447, -84.82, -26.08, -28.60, 10.75, 28.41, -84.60, -18.97 
352484, -84.49, -18.78, -28.59, 10.76, 28.41, -84.59, -18.95 
352521, -84.34, -18.77, -28.58, 10.76, 28.41, -84.56, -18.93 
352558, -84.60, -22.56, -28.58, 10.76, 28.40, -84.56, -19.29 
352595, -84.91, -24.02, -28.59, 10.77, 28.41, -84.60, -19.75 
352632, -84.89, -20.52, -28.60, 10.78, 28.41, -84.64, -19.82 
352669, -85.02, -24.52, -28.60, 10.78, 28.40, -84.68, -20.29 
352706, -84.38, -15.23, -28.61, 10.79, 28.39, -84.65, -19.78 
352743, -84.50, -14.37, -28.61, 10.80, 28.39, -84.64, -19.23 
352780, -84.44, -15.38, -28.62, 10.81, 28.38, -84.63, -18.84 
352817, -84.85, -21.22, -28.62, 10.83, 28.38, -84.65, -19.06 
352854, -84.57, -20.68, -28.62, 10.83, 28.38, -84.64, -19.22 
352891, -84.37, -17.74, -28.61, 10.84, 28.38, -84.61, -19.06 
352928, -85.10, -20.73, -28.62, 10.83, 28.39, -84.66, -19.24 
352965, -84.55, -19.21, -28.61, 10.84, 28.39, -84.65, -19.23 
353002, -84.31, -17.76, -28.61, 10.82, 28.40, -84.62, -19.09
353039, -84.41, -17.48, -28.61, 10.82, 28.40, -84.60, -18.94 
353076, -85.15, -25.91, -28.61, 10.82, 28.40, -84.65, -19.63 
353113, -85.02, -23.43, -28.61, 10.82, 28.40, -84.69, -20.01 
353150, -84.53, -20.05, -28.62, 10.82, 28.40, -84.68, -20.02 
353187, -84.74, -13.06, -28.63, 10.82, 28.39, -84.69, -19.32 
353224, -84.67, 5.98, -28.63, 10.82, 28.38, -84.70, -16.79 
353261, -84.60, -11.81, -28.64, 10.83, 28.39, -84.69, -16.28 
353298, -85.06, -8.94, -28.65, 10.84, 28.40, -84.73, -15.54 
353335, -84.61, -20.68, -28.64, 10.84, 28.44, -84.72, -16.06 
353372, -84.79, -16.81, -28.65, 10.84, 28.45, -84.73, -16.13 
353409, -85.06, -15.01, -28.65, 10.84, 28.46, -84.76, -16.02 
353446, -84.47, -15.38, -28.65, 10.83, 28.47, -84.73, -15.96 
353483, -84.63, -19.30, -28.64, 10.83, 28.48, -84.72, -16.30 
353520, -84.60, -16.22, -28.63, 10.83, 28.48, -84.70, -16.29 
353557, -84.94, -21.58, -28.64, 10.82, 28.48, -84.73, -16.83 
353594, -83.72, -14.22, -28.64, 10.82, 28.48, -84.63, -16.57 
353631, -84.96, -22.55, -28.65, 10.82, 28.48, -84.67, -17.16 
353668, -84.91, -15.90, -28.66, 10.82, 28.46, -84.70, -17.03 
353705, -84.52, -10.81, -28.67, 10.83, 28.46, -84.69, -16.41 
353742, -83.71, -19.35, -28.67, 10.84, 28.45, -84.60, -16.69 
353779, -84.05, -16.33, -28.68, 10.85, 28.46, -84.55, -16.64 
353816, -84.07, -21.02, -28.68, 10.86, 28.46, -84.50, -17.07 
353853, -85.02, -15.95, -28.68, 10.86, 28.46, -84.56, -16.96 
353890, -84.66, -11.99, -28.69, 10.87, 28.46, -84.58, -16.45 
353927, -84.48, -23.54, -28.69, 10.88, 28.47, -84.56, -17.16 
353964, -83.89, -18.36, -28.69, 10.88, 28.47, -84.50, -17.28 
354001, -84.63, -14.93, -28.69, 10.88, 28.47, -84.51, -17.04 
354038, -84.90, -14.83, -28.69, 10.88, 28.48, -84.55, -16.82  
354075, -84.63, -17.98, -28.69, 10.89, 28.47, -84.56, -16.93 
354112, -84.53, -18.35, -28.69, 10.88, 28.48, -84.55, -17.08 
354149, -84.74, -11.42, -28.69, 10.87, 28.48, -84.57, -16.52 
354186, -84.07, -21.25, -28.68, 10.88, 28.47, -84.51, -16.99 
354223, -84.92, -15.65, -28.69, 10.88, 28.48, -84.56, -16.85 
354260, -84.42, -19.28, -28.70, 10.88, 28.48, -84.55, -17.10 
354297, -84.98, -19.09, -28.71, 10.88, 28.48, -84.60, -17.30 
354334, -85.09, -17.76, -28.71, 10.87, 28.47, -84.66, -17.35 
354371, -84.58, -16.65, -28.71, 10.87, 28.47, -84.65, -17.28 
354408, -85.07, -16.97, -28.71, 10.86, 28.48, -84.69, -17.26 
354445, -85.05, -23.43, -28.71, 10.86, 28.48, -84.73, -17.87 
354482, -84.78, -14.04, -28.70, 10.86, 28.49, -84.73, -17.49 
354519, -84.76, -18.52, -28.71, 10.86, 28.50, -84.73, -17.59 
354556, -84.49, -18.52, -28.70, 10.87, 28.51, -84.71, -17.68 
354593, -84.67, -14.88, -28.71, 10.87, 28.51, -84.70, -17.40 
354630, -85.06, -19.01, -28.71, 10.87, 28.50, -84.75, -17.56 
354667, -84.94, -22.23, -28.72, 10.87, 28.50, -84.77, -18.02 
354704, -85.14, -23.24, -28.72, 10.89, 28.50, -84.81, -18.53 
354741, -84.97, -21.58, -28.73, 10.89, 28.49, -84.83, -18.83 
354778, -85.33, -17.92, -28.73, 10.90, 28.49, -84.89, -18.73 
354815, -84.53, -16.67, -28.74, 10.90, 28.49, -84.86, -18.53 
354852, -84.73, -23.74, -28.74, 10.90, 28.50, -84.85, -19.05 
354889, -84.99, -16.61, -28.74, 10.90, 28.51, -84.86, -18.81 
354926, -85.30, -14.91, -28.74, 10.90, 28.51, -84.90, -18.42 
354963, -85.00, -14.93, -28.75, 10.89, 28.51, -84.92, -18.08 
355000, -84.57, -17.91, -28.74, 10.88, 28.52, -84.88, -18.07 
355037, -84.59, -22.35, -28.74, 10.88, 28.52, -84.85, -18.50 
355074, -84.58, -17.47, -28.75, 10.88, 28.52, -84.83, -18.39 
355111, -84.55, -17.20, -28.75, 10.88, 28.53, -84.81, -18.27 
355148, -84.93, -18.62, -28.76, 10.89, 28.53, -84.82, -18.30 
355185, -85.12, -19.03, -28.77, 10.90, 28.55, -84.86, -18.36 
355222, -84.90, -17.32, -28.77, 10.90, 28.54, -84.87, -18.26 
355259, -84.94, -18.53, -28.77, 10.91, 28.54, -84.87, -18.28 
355296, -84.41, -12.77, -28.77, 10.90, 28.54, -84.83, -17.73 
355333, -84.45, -18.09, -28.77, 10.91, 28.54, -84.79, -17.77 
355370, -85.14, -20.84, -28.77, 10.91, 28.55, -84.83, -18.07 
355407, -84.65, -18.43, -28.77, 10.91, 28.55, -84.80, -18.11 
355444, -85.14, -17.06, -28.77, 10.91, 28.55, -84.84, -18.00 
355481, -84.54, -14.44, -28.77, 10.90, 28.55, -84.82, -17.65 
355518, -84.51, -11.14, -28.77, 10.90, 28.54, -84.78, -17.00 
355555, -84.69, -17.19, -28.77, 10.92, 28.56, -84.78, -17.01 
355592, -85.05, -23.81, -28.77, 10.93, 28.56, -84.80, -17.68 
355629, -84.61, -20.33, -28.78, 10.93, 28.55, -84.79, -17.94 
355666, -84.65, -16.65, -28.78, 10.93, 28.54, -84.78, -17.81 
355703, -85.03, -20.49, -28.79, 10.94, 28.52, -84.81, -18.07 
355740, -84.58, -18.43, -28.79, 10.94, 28.53, -84.79, -18.11 
355777, -85.09, -21.08, -28.80, 10.93, 28.53, -84.82, -18.41 
355814, -84.48, -21.25, -28.79, 10.93, 28.54, -84.78, -18.70 
355851, -85.42, -18.23, -28.79, 10.92, 28.54, -84.84, -18.66 
355888, -85.27, -17.93, -28.79, 10.91, 28.56, -84.89, -18.59 
355925, -85.02, -27.56, -28.79, 10.91, 28.56, -84.90, -19.49 
355962, -85.86, -17.05, -28.79, 10.91, 28.57, -85.00, -19.25 
355999, -85.00, -25.29, -28.79, 10.92, 28.58, -85.00, -19.85 
356036, -84.48, -20.71, -28.80, 10.91, 28.57, -84.96, -19.93 
356073, -84.51, -14.10, -28.81, 10.93, 28.57, -84.92, -19.34 
356110, -85.02, -20.97, -28.81, 10.94, 28.58, -84.93, -19.49
356147, -84.74, -16.70, -28.82, 10.94, 28.59, -84.92, -19.21 
356184, -84.82, -17.42, -28.83, 10.95, 28.59, -84.92, -19.03 
356221, -84.68, -13.76, -28.83, 10.94, 28.58, -84.90, -18.51 
356258, -85.06, -18.53, -28.84, 10.93, 28.57, -84.92, -18.51 
356295, -84.88, -16.76, -28.83, 10.94, 28.58, -84.91, -18.34 
356332, -84.08, -17.46, -28.84, 10.94, 28.57, -84.83, -18.25 
356369, -85.08, -10.56, -28.85, 10.94, 28.57, -84.87, -17.48 
356406, -85.18, -20.27, -28.85, 10.94, 28.57, -84.90, -17.76 
356443, -85.15, -18.43, -28.85, 10.94, 28.57, -84.93, -17.83 
356480, -85.23, -16.91, -28.85, 10.94, 28.57, -84.96, -17.73 
356517, -84.82, -16.47, -28.86, 10.94, 28.57, -84.95, -17.60 
356554, -84.62, -15.13, -28.86, 10.95, 28.57, -84.92, -17.35 
356591, -84.89, -23.90, -28.87, 10.95, 28.57, -84.92, -18.00 
356628, -84.69, -18.35, -28.88, 10.97, 28.56, -84.91, -18.03 
356665, -85.06, -20.24, -28.89, 10.97, 28.56, -84.93, -18.25 
356702, -84.97, -28.43, -28.90, 10.97, 28.57, -84.94, -19.26 
356739, -85.58, -26.71, -28.90, 10.97, 28.59, -85.01, -20.01 
356776, -84.67, -19.94, -28.90, 10.97, 28.59, -84.98, -20.00 
356813, -85.20, -27.48, -28.91, 10.97, 28.60, -85.00, -20.75 
356850, -84.49, -24.81, -28.91, 10.98, 28.60, -84.96, -21.15 
356887, -84.77, -22.58, -28.91, 10.97, 28.60, -84.94, -21.29 
356924, -84.77, -18.53, -28.92, 10.98, 28.62, -84.93, -21.01 
356961, -85.35, -26.43, -28.92, 10.99, 28.62, -84.97, -21.55 
356998, -84.86, -20.08, -28.93, 10.99, 28.62, -84.97, -21.40 
357035, -85.24, -26.30, -28.94, 10.99, 28.63, -85.00, -21.89 
357072, -85.09, -23.36, -28.94, 10.99, 28.63, -85.01, -22.04 
357109, -84.74, -22.32, -28.95, 10.99, 28.62, -84.99, -22.06 
357146, -85.02, -26.44, -28.95, 10.98, 28.61, -85.00, -22.51 
357183, -84.99, -19.28, -28.95, 10.98, 28.62, -85.00, -22.19 
357220, -84.85, -22.64, -28.96, 10.99, 28.61, -84.99, -22.22 
357257, -84.99, -19.73, -28.96, 10.98, 28.62, -84.99, -21.98 
357294, -84.91, -18.71, -28.95, 10.97, 28.62, -84.97, -21.66 
357331, -85.04, -18.63, -28.96, 10.97, 28.62, -84.99, -21.36 
357368, -85.03, -23.31, -28.96, 10.97, 28.63, -84.99, -21.56 
357405, -85.09, -22.69, -28.96, 10.97, 28.63, -85.00, -21.67 
357442, -84.76, -18.62, -28.97, 10.97, 28.64, -84.98, -21.36 
357479, -84.95, -16.03, -28.97, 10.97, 28.64, -84.98, -20.83 
357516, -85.02, -25.28, -28.98, 10.98, 28.65, -85.00, -21.27 
357553, -85.27, -20.70, -28.99, 10.99, 28.66, -85.03, -21.20 
357590, -84.65, -20.03, -28.99, 10.99, 28.65, -85.00, -21.08 
357627, -85.13, -21.69, -29.00, 11.00, 28.67, -85.01, -21.13 
357664, -84.92, -27.55, -29.00, 11.01, 28.67, -85.00, -21.77 
357701, -85.47, -26.28, -28.99, 11.01, 28.68, -85.05, -22.22 
357738, -84.70, -28.21, -29.00, 11.01, 28.68, -85.02, -22.82 
357775, -85.50, -24.13, -28.99, 11.01, 28.69, -85.06, -22.95 
357812, -85.50, -25.29, -28.99, 11.01, 28.68, -85.11, -23.19 
357849, -85.17, -21.23, -29.01, 11.01, 28.69, -85.12, -22.98 
357886, -85.32, -17.73, -29.01, 11.02, 28.68, -85.15, -22.45 
357923, -85.47, -25.15, -29.01, 11.03, 28.68, -85.18, -22.72 
357960, -85.70, -25.68, -29.03, 11.04, 28.67, -85.25, -23.00 
357997, -86.18, -21.01, -29.03, 11.04, 28.67, -85.35, -22.80 
358034, -84.77, -28.12, -29.04, 11.04, 28.66, -85.29, -23.33 
358071, -85.74, -31.40, -29.04, 11.05, 28.67, -85.34, -24.13 
358108, -84.89, -28.15, -29.03, 11.05, 28.68, -85.29, -24.54 
358145, -85.05, -25.40, -29.03, 11.05, 28.68, -85.26, -24.62 
358182, -85.65, -26.71, -29.03, 11.05, 28.69, -85.30, -24.83 
358219, -84.82, -15.54, -29.03, 11.04, 28.68, -85.25, -23.91 
358256, -84.74, -18.07, -29.03, 11.04, 28.69, -85.20, -23.33 
358293, -85.25, -20.01, -29.03, 11.04, 28.70, -85.21, -22.99 
358330, -85.54, -26.00, -29.03, 11.04, 28.69, -85.24, -23.29 
358367, -85.55, -30.81, -29.03, 11.05, 28.69, -85.27, -24.04 
358404, -85.71, -26.57, -29.04, 11.05, 28.69, -85.33, -24.29 
358441, -85.13, -16.67, -29.05, 11.05, 28.69, -85.31, -23.53 
358478, -85.43, -29.14, -29.06, 11.06, 28.69, -85.33, -24.08 
358515, -85.10, -24.44, -29.06, 11.06, 28.69, -85.31, -24.11 
358552, -85.11, -24.17, -29.06, 11.07, 28.69, -85.29, -24.11 
358589, -85.43, -24.73, -29.05, 11.08, 28.70, -85.30, -24.17 
358626, -84.76, -25.46, -29.05, 11.06, 28.70, -85.24, -24.31 
358663, -84.98, -26.44, -29.05, 11.06, 28.72, -85.21, -24.52 
358700, -85.11, -24.71, -29.04, 11.06, 28.72, -85.20, -24.54 
358737, -85.57, -28.15, -29.05, 11.06, 28.73, -85.24, -24.91 
358774, -85.64, -23.42, -29.04, 11.06, 28.73, -85.27, -24.76 
358811, -84.89, -22.07, -29.05, 11.06, 28.73, -85.24, -24.49 
358848, -84.99, -21.69, -29.05, 11.07, 28.73, -85.22, -24.20 
358885, -85.14, -24.96, -29.03, 11.07, 28.74, -85.19, -24.27 
358922, -84.89, -20.83, -28.98, 11.07, 28.74, -85.12, -23.93 
358959, -84.27, -17.60, -28.95, 11.07, 28.73, -85.00, -23.30  
358996, -83.88, -22.56, -28.85, 11.07, 28.74, -84.81, -23.23 
359033, -82.04, -9.95, -28.73, 11.07, 28.74, -84.42, -21.90 
359070, -81.25, -14.04, -28.55, 11.06, 28.75, -83.94, -21.12 
359107, -79.92, -7.78, -28.36, 11.05, 28.75, -83.36, -19.79 
359144, -78.38, -8.86, -28.25, 11.04, 28.76, -82.77, -18.71 
359181, -78.02, -10.95, -28.16, 11.03, 28.77, -82.21, -17.94 
359218, -76.83, -9.29, -28.03, 11.02, 28.77, -81.56, -17.08 
359255, -75.47, -5.95, -27.92, 11.02, 28.77, -80.85, -15.98 
359292, -74.42, -5.81, -27.79, 11.02, 28.78, -80.09, -14.96 
359329, -73.53, -7.72, -27.65, 11.01, 28.75, -79.31, -14.24 
359366, -72.81, -5.97, -27.57, 11.02, 28.74, -78.58, -13.41 
359403, -72.20, -6.76, -27.53, 11.02, 28.74, -77.91, -12.74 
359440, -71.75, -4.50, -27.51, 11.02, 28.73, -77.27, -11.92 
359477, -70.63, -3.64, -27.47, 11.02, 28.72, -76.58, -11.09 
359514, -70.77, -5.51, -27.39, 11.02, 28.72, -75.93, -10.53 
359551, -70.07, -3.25, -27.35, 11.01, 28.72, -75.30, -9.81 
359588, -69.16, -4.80, -27.21, 11.01, 28.73, -74.56, -9.31 
359625, -68.53, -3.85, -27.09, 11.01, 28.73, -73.85, -8.77 
359662, -67.09, -5.08, -26.91, 11.00, 28.72, -73.01, -8.40 
359699, -65.02, -1.60, -26.75, 11.00, 28.72, -72.07, -7.73 
359736, -64.02, -3.24, -26.58, 10.99, 28.73, -71.12, -7.29 
359773, -62.55, -1.86, -26.36, 10.98, 28.72, -70.06, -6.75 
359810, -60.67, -1.51, -26.18, 10.97, 28.70, -68.96, -6.24 
359847, -58.79, -2.23, -25.95, 10.97, 28.70, -67.73, -5.84 
359884, -57.08, -2.02, -25.77, 10.97, 28.70, -66.50, -5.45 
359921, -55.30, -2.38, -25.60, 10.97, 28.69, -65.23, -5.15 
359958, -54.25, -0.37, -25.32, 10.96, 28.69, -63.88, -4.68 
359995, -51.43, -1.08, -25.02, 10.97, 28.69, -62.37, -4.31 
360032, -51.11, -0.42, -24.84, 10.96, 28.66, -61.08, -3.93 
360069, -49.21, -0.36, -24.71, 10.96, 28.63, -59.77, -3.57 
360106, -47.29, -1.21, -24.51, 10.95, 28.64, -58.35, -3.34 
360143, -45.61, -0.45, -24.22, 10.95, 28.60, -56.82, -3.06 
360180, -42.50, -0.15, -23.93, 10.94, 28.61, -55.12, -2.77 
360217, -41.56, -0.64, -23.70, 10.94, 28.63, -53.56, -2.56 
360254, -39.54, 0.28, -23.39, 10.93, 28.58, -51.88, -2.29 
360291, -40.64, -2.99, -23.10, 10.94, 28.56, -50.49, -2.35 
360328, -22.82, 5.33, -22.86, 10.95, 28.53, -47.51, -1.57 
360365, -35.33, -2.12, -22.74, 10.95, 28.49, -46.18, -1.63 
360402, -35.48, -2.43, -22.63, 10.95, 28.44, -45.01, -1.70 
360439, -31.44, 0.49, -22.46, 10.95, 28.39, -43.50, -1.48 
360476, -16.78, 6.69, -22.06, 10.97, 28.31, -40.47, -0.65 
360513, -25.55, 2.76, -21.80, 10.98, 28.22, -38.75, -0.30 
360550, -19.92, 3.47, -21.65, 11.01, 28.15, -36.73, 0.10 
360587, -20.13, 2.71, -21.51, 11.02, 28.07, -34.94, 0.37 
360624, -18.65, 1.28, -21.33, 11.04, 28.03, -33.15, 0.48 
360661, -15.77, 2.40, -21.15, 11.05, 28.00, -31.25, 0.68 
360698, -17.02, 2.37, -20.98, 11.05, 27.99, -29.67, 0.86 
360735, -16.69, 1.12, -20.63, 11.09, 27.99, -28.06, 0.91 
360772, -14.31, 1.33, -20.34, 11.10, 27.95, -26.42, 0.97 
360809, -7.33, 1.35, -19.91, 11.15, 27.88, -24.13, 1.05 
360846, -10.96, -0.25, -19.57, 11.19, 27.83, -22.51, 0.95 
360883, 11.18, 1.52, -19.37, 11.21, 27.80, -18.95, 1.03 
360920, -16.43, 0.60, -19.09, 11.25, 27.78, -18.45, 1.02 
360957, -1.20, 0.29, -19.10, 11.22, 27.80, -16.73, 0.92 
360994, -2.98, -2.23, -19.11, 11.23, 27.83, -15.37, 0.61 
361031, 7.80, 9.13, -19.10, 11.22, 27.88, -13.04, 1.46 
361068, -5.54, -4.88, -19.10, 11.22, 27.94, -12.29, 0.83 
361105, 7.44, 14.83, -19.10, 11.24, 28.02, -10.33, 2.24 
361142, -13.72, -6.23, -19.19, 11.26, 27.86, -10.74, 1.41 
361179, -12.88, -4.29, -19.16, 11.25, 27.88, -10.93, 0.84 
361216, -11.11, -3.90, -19.16, 11.25, 27.85, -10.95, 0.36 
361253, -4.42, -0.38, -19.16, 11.26, 27.90, -10.30, 0.30 
361290, -5.93, -3.31, -19.15, 11.27, 27.88, -9.85, -0.05 
361327, 2.66, -2.42, -19.12, 11.28, 27.96, -8.57, -0.28 
361364, 3.06, -3.30, -19.12, 11.28, 28.01, -7.41, -0.59 
361401, 3.90, 4.56, -19.13, 11.29, 28.12, -6.28, -0.06 
361438, 6.63, 0.00, -19.12, 11.29, 28.17, -4.99, -0.05 
361475, 3.55, 1.32, -19.12, 11.30, 28.13, -4.13, 0.09 
361512, 2.24, 4.98, -19.11, 11.29, 28.11, -3.49, 0.57 
361549, 0.84, 2.54, -19.11, 11.29, 28.12, -3.05, 0.77 
361586, -3.35, 0.98, -19.11, 11.29, 28.17, -3.08, 0.79 
361623, -23.88, -17.78, -19.10, 11.29, 28.15, -5.15, -1.07 
361660, 2.22, 0.87, -19.09, 11.30, 28.16, -4.41, -0.87 
361697, -1.66, 1.18, -19.10, 11.30, 28.15, -4.14, -0.66 
361734, 4.85, 8.73, -19.11, 11.30, 28.12, -3.25, 0.28 
361771, 0.92, -1.81, -19.12, 11.32, 28.18, -2.84, 0.09 
361808, -3.63, -3.20, -19.12, 11.33, 28.22, -2.92, -0.24 
361845, 13.07, 15.02, -19.12, 11.33, 28.21, -1.32, 1.29 
361882, -3.36, 0.96, -19.11, 11.34, 28.15, -1.51, 1.27 
361919, 8.02, 9.75, -19.11, 11.34, 28.11, -0.57, 2.12 
361956, 5.82, 3.56, -19.11, 11.34, 28.10, 0.08, 2.26 
361993, 4.74, 2.99, -19.10, 11.34, 28.12, 0.55, 2.34 
362030, 9.82, 10.82, -19.12, 11.35, 28.11, 1.46, 3.19 
362067, -3.57, 9.07, -19.13, 11.33, 28.13, 0.95, 3.76 
362104, -11.21, -26.76, -19.09, 11.37, 28.11, -0.23, 0.75 
362141, 4.20, -2.62, -19.04, 11.41, 28.20, 0.26, 0.44 
362178, -3.47, -12.00, -19.04, 11.42, 28.20, -0.12, -0.79 
362215, 0.37, 0.61, -19.05, 11.43, 28.20, -0.08, -0.64 
362252, 0.57, 0.32, -19.05, 11.43, 28.19, -0.02, -0.55 
362289, -0.13, 0.78, -19.06, 11.44, 28.19, -0.03, -0.40 
362326, 0.29, 0.13, -19.06, 11.45, 28.18, -0.00, -0.34 
362363, 0.26, -5.71, -19.07, 11.46, 28.22, 0.02, -0.87 
362400, -3.02, -15.15, -18.99, 11.49, 28.37, -0.22, -2.27 
362437, 4.19, 10.99, -19.00, 11.47, 28.36, 0.22, -0.96 
362474, 0.88, 0.29, -19.00, 11.47, 28.37, 0.28, -0.84 
362511, 8.00, 3.37, -18.96, 11.53, 28.55, 1.08, -0.37 
362548, 0.40, 0.05, -18.98, 11.51, 28.56, 1.00, -0.34 
362585, 0.88, 0.56, -18.98, 11.49, 28.55, 0.99, -0.27 
362622, 1.69, -2.62, -18.99, 11.50, 28.54, 1.05, -0.49 
362659, 0.90, -3.29, -19.01, 11.50, 28.59, 1.02, -0.77 
362696, 0.59, -0.27, -19.03, 11.50, 28.58, 0.96, -0.72 
362733, 0.42, 0.82, -19.03, 11.50, 28.58, 0.90, -0.57 
362770, -0.08, 0.69, -19.04, 11.50, 28.57, 0.80, -0.44 
362807, 0.13, 0.53, -19.05, 11.50, 28.57, 0.72, -0.34 
362844, 1.06, 0.53, -19.04, 11.50, 28.58, 0.76, -0.26 
362881, -0.55, 0.18, -19.04, 11.50, 28.59, 0.63, -0.22 
362918, 0.63, 0.40, -19.03, 11.51, 28.59, 0.64, -0.15 
362955, 0.27, 0.21, -19.03, 11.51, 28.59, 0.61, -0.11 
362992, 0.43, -0.75, -19.03, 11.52, 28.60, 0.59, -0.17 
363029, -0.13, 0.58, -19.03, 11.52, 28.61, 0.51, -0.09 
363066, 0.34, 0.29, -19.04, 11.53, 28.61, 0.49, -0.04 
363103, 0.92, 0.13, -19.04, 11.54, 28.61, 0.53, -0.02 
363140, 0.87, 0.08, -19.05, 11.54, 28.61, 0.56, -0.00 
363177, 0.29, 0.11, -19.06, 11.55, 28.62, 0.52, 0.01 
363214, -0.26, 1.22, -19.06, 11.56, 28.61, 0.44, 0.14 
363251, 0.24, 1.13, -19.06, 11.56, 28.60, 0.42, 0.24 
363288, 0.35, 0.35, -19.06, 11.57, 28.61, 0.41, 0.26 
363325, 0.69, 0.24, -19.07, 11.56, 28.61, 0.43, 0.25 
363362, -0.03, 0.27, -19.07, 11.56, 28.61, 0.39, 0.25 
363399, -0.16, 0.37, -19.06, 11.56, 28.60, 0.34, 0.27 
363436, 0.16, 0.93, -19.07, 11.56, 28.61, 0.32, 0.33 
363473, 0.61, 0.66, -19.07, 11.56, 28.61, 0.35, 0.36 
363510, 0.63, -0.13, -19.07, 11.57, 28.61, 0.38, 0.32 
363547, 0.61, 0.66, -19.07, 11.57, 28.60, 0.40, 0.36 
363584, 0.73, 0.27, -19.07, 11.57, 28.59, 0.43, 0.35 
363621, 0.53, 0.26, -19.07, 11.57, 28.60, 0.44, 0.34 
363658, 0.93, 1.20, -19.08, 11.58, 28.61, 0.48, 0.44 
363695, 0.80, 0.27, -19.08, 11.58, 28.61, 0.51, 0.42 
363732, 0.27, -0.16, -19.09, 11.58, 28.61, 0.48, 0.36 
363769, 0.66, 0.32, -19.08, 11.59, 28.60, 0.50, 0.36 
363806, 0.43, 0.19, -19.07, 11.59, 28.61, 0.50, 0.34 
363843, 0.73, 0.43, -19.08, 11.59, 28.61, 0.52, 0.36 
363880, 0.45, 0.67, -19.08, 11.60, 28.62, 0.52, 0.39 
363917, 1.28, 1.15, -19.08, 11.60, 28.63, 0.59, 0.47 
363954, -0.21, 1.51, -19.08, 11.60, 28.63, 0.51, 0.57 
363991, -0.05, 0.32, -19.09, 11.61, 28.63, 0.45, 0.56 
364028, 0.92, 0.63, -19.10, 11.61, 28.63, 0.48, 0.57 
364065, 0.37, 0.75, -19.11, 11.62, 28.62, 0.46, 0.59 
364102, 0.50, -0.08, -19.10, 11.63, 28.63, 0.48, 0.53 
364139, 0.61, -0.11, -19.10, 11.64, 28.63, 0.49, 0.48 
364176, 0.61, 0.08, -19.10, 11.64, 28.63, 0.50, 0.44 
364213, 0.48, 0.43, -19.10, 11.63, 28.63, 0.50, 0.43 
364250, 0.69, 0.48, -19.10, 11.63, 28.62, 0.52, 0.43 
364287, 0.69, -0.21, -19.10, 11.63, 28.62, 0.54, 0.37 
364324, 0.32, 0.69, -19.09, 11.62, 28.63, 0.52, 0.39 
364361, 0.85, -0.05, -19.09, 11.62, 28.62, 0.56, 0.35 
364398, 0.58, 0.48, -19.09, 11.62, 28.63, 0.55, 0.36 
364435, 0.11, -0.29, -19.09, 11.63, 28.63, 0.51, 0.30 
364472, 0.43, 0.75, -19.10, 11.63, 28.63, 0.50, 0.35 
364509, 0.74, 0.03, -19.11, 11.63, 28.63, 0.51, 0.32 
364546, -0.11, 0.27, -19.12, 11.63, 28.63, 0.44, 0.31 
364583, 0.72, -0.40, -19.13, 11.63, 28.63, 0.46, 0.25 
364620, 0.64, 1.32, -19.13, 11.63, 28.62, 0.48, 0.35 
364657, 0.32, 0.90, -19.13, 11.63, 28.64, 0.46, 0.40 
364694, 0.00, 0.08, -19.12, 11.62, 28.65, 0.42, 0.37 
364731, 0.80, 0.61, -19.12, 11.63, 28.65, 0.46, 0.40 
364768, 0.24, 0.21, -19.12, 11.64, 28.65, 0.44, 0.39 
364805, 0.69, -0.29, -19.12, 11.64, 28.67, 0.46, 0.32 
364842, 0.99, -0.05, -19.12, 11.64, 28.67, 0.52, 0.29 
364879, 0.51, 0.03, -19.12, 11.65, 28.66, 0.52, 0.27 
364916, 0.48, 0.67, -19.13, 11.66, 28.66, 0.51, 0.31 
364953, 0.27, 0.75, -19.14, 11.66, 28.66, 0.47, 0.36 
364990, 0.37, 0.16, -19.15, 11.67, 28.67, 0.45, 0.35 
365027, 0.21, 0.35, -19.15, 11.68, 28.66, 0.43, 0.36 
365064, 0.56, 0.19, -19.15, 11.68, 28.65, 0.44, 0.33 
365101, 0.45, 0.88, -19.16, 11.68, 28.65, 0.43, 0.40 
365138, 0.05, 0.24, -19.15, 11.67, 28.66, 0.40, 0.37 
365175, -0.16, 0.29, -19.15, 11.68, 28.66, 0.35, 0.37 
365212, 0.72, 0.19, -19.15, 11.67, 28.66, 0.38, 0.34 
365249, 0.45, 0.05, -19.16, 11.66, 28.66, 0.38, 0.30 
365286, 0.71, 0.66, -19.17, 11.66, 28.66, 0.41, 0.34 
365323, 0.24, 0.40, -19.18, 11.66, 28.66, 0.38, 0.35 
365360, 0.48, 1.06, -19.17, 11.67, 28.66, 0.40, 0.42 
365397, 0.45, 1.17, -19.18, 11.67, 28.67, 0.40, 0.51 
365434, 0.50, -0.21, -19.18, 11.68, 28.67, 0.41, 0.44 
365471, 0.11, 0.96, -19.18, 11.67, 28.66, 0.38, 0.48 
365508, 0.88, 1.04, -19.18, 11.67, 28.66, 0.43, 0.53 
365545, 0.92, -0.05, -19.18, 11.66, 28.66, 0.48, 0.47 
365582, 0.54, 0.84, -19.18, 11.66, 28.65, 0.48, 0.51 
365619, 0.35, 1.32, -19.17, 11.66, 28.67, 0.48, 0.59 
365656, 0.58, 0.16, -19.18, 11.67, 28.66, 0.48, 0.55 
365693, 0.24, 0.00, -19.18, 11.66, 28.67, 0.46, 0.49 
365730, 0.42, 0.63, -19.19, 11.66, 28.68, 0.44, 0.51 
365767, 0.19, 1.11, -19.20, 11.68, 28.67, 0.41, 0.58 
365804, 0.50, 0.00, -19.20, 11.68, 28.67, 0.42, 0.53 
365841, 0.21, 0.56, -19.20, 11.68, 28.67, 0.39, 0.53 
365878, 0.61, 1.51, -19.21, 11.68, 28.66, 0.41, 0.63 
365915, 0.61, 0.40, -19.21, 11.67, 28.66, 0.43, 0.60 
365952, 0.24, 0.86, -19.21, 11.66, 28.66, 0.41, 0.61 
365989, 0.77, -0.19, -19.21, 11.67, 28.66, 0.45, 0.54 
366026, 0.08, 0.76, -19.20, 11.56, 28.66, 0.42, 0.46 
366063, 0.69, 2.88, -19.19, 11.46, 28.67, 0.45, 0.62 
366100, 0.64, 2.88, -19.19, 11.29, 28.66, 0.47, 0.69 
366137, 0.32, 4.69, -19.19, 11.14, 28.66, 0.45, 0.95 
366174, 0.46, 6.22, -19.19, 10.86, 28.66, 0.46, 1.23 
366211, 0.92, 8.66, -19.19, 10.67, 28.66, 0.51, 1.80 
366248, 0.69, 10.62, -19.19, 10.55, 28.66, 0.52, 2.57 
366285, 0.82, 10.44, -19.20, 10.49, 28.66, 0.55, 3.30 
366322, 1.10, 10.61, -19.21, 10.42, 28.67, 0.59, 3.98 
366359, 1.21, 11.21, -19.20, 10.36, 28.68, 0.66, 4.64 
366396, 0.16, 11.51, -19.20, 10.32, 28.67, 0.61, 5.29 
366433, 0.92, 13.05, -19.20, 10.19, 28.68, 0.64, 5.96 
366470, 0.91, 13.99, -19.20, 10.13, 28.69, 0.67, 6.70 
366507, 0.38, 14.75, -19.20, 10.09, 28.68, 0.64, 7.47 
366544, 0.83, 14.19, -19.20, 10.05, 28.68, 0.66, 8.11 
366581, 0.86, 15.54, -19.20, 9.97, 28.69, 0.68, 8.78 
366618, 1.22, 16.82, -19.21, 9.90, 28.69, 0.73, 9.52 
366655, 0.64, 16.85, -19.21, 9.85, 28.68, 0.71, 10.21 
366692, 1.57, 16.84, -19.22, 9.77, 28.68, 0.80, 10.80 
366729, 1.55, 17.22, -19.21, 9.76, 28.68, 0.87, 11.43 
366766, 1.24, 17.05, -19.21, 9.72, 28.70, 0.91, 11.96 
366803, 0.65, 18.49, -19.21, 9.62, 28.69, 0.89, 12.53 
366840, 0.84, 18.43, -19.21, 9.57, 28.69, 0.88, 13.07 
366877, 0.73, 19.38, -19.20, 9.48, 28.70, 0.88, 13.62 
366914, 0.82, 20.54, -19.19, 9.34, 28.70, 0.88, 14.18 
366951, 1.20, 22.47, -19.19, 9.18, 28.71, 0.91, 14.87 
366988, 1.15, 22.22, -19.19, 9.15, 28.71, 0.93, 15.57 
367025, 1.45, 23.28, -19.20, 9.13, 28.72, 0.98, 16.33 
367062, 1.19, 23.29, -19.20, 9.10, 28.72, 1.00, 17.00 
367099, 0.96, 23.51, -19.21, 9.07, 28.72, 0.99, 17.62 
367136, 0.73, 24.07, -19.21, 8.97, 28.72, 0.96, 18.18 
367173, 0.62, 25.12, -19.21, 8.86, 28.73, 0.93, 18.77 
367210, 1.84, 24.77, -19.20, 8.74, 28.73, 1.03, 19.26 
367247, 2.06, 27.68, -19.20, 8.66, 28.74, 1.13, 20.03 
367284, 1.05, 27.20, -19.20, 8.62, 28.75, 1.12, 20.72 
367321, 2.07, 28.06, -19.20, 8.57, 28.75, 1.21, 21.41 
367358, 1.09, 26.68, -19.20, 8.48, 28.75, 1.20, 21.85 
367395, 2.45, 29.13, -19.19, 8.31, 28.75, 1.33, 22.42 
367432, 0.91, 29.98, -19.19, 8.08, 28.75, 1.29, 22.97 
367469, 1.05, 33.05, -19.19, 7.92, 28.75, 1.27, 23.84 
367506, 2.04, 34.66, -19.19, 7.84, 28.74, 1.35, 24.84 
367543, 3.27, 30.46, -19.20, 7.80, 28.74, 1.53, 25.38 
367580, 1.88, 36.02, -19.20, 7.68, 28.74, 1.56, 26.33 
367617, 1.89, 35.13, -19.21, 7.57, 28.74, 1.59, 27.11 
367654, 2.13, 37.30, -19.20, 7.47, 28.75, 1.65, 28.04 
367691, 1.96, 37.71, -19.20, 7.36, 28.75, 1.68, 28.90 
367728, 2.09, 37.99, -19.20, 7.21, 28.75, 1.72, 29.68 
367765, 1.18, 41.62, -19.20, 7.05, 28.76, 1.67, 30.73 
367802, 1.94, 41.60, -19.20, 6.94, 28.77, 1.70, 31.72 
367839, 2.15, 42.98, -19.19, 6.85, 28.78, 1.75, 32.77 
367876, 2.07, 43.34, -19.20, 6.74, 28.80, 1.78, 33.73 
367913, 1.79, 44.28, -19.20, 6.66, 28.80, 1.77, 34.71 
367950, 1.84, 45.42, -19.20, 6.59, 28.81, 1.78, 35.72 
367987, 1.06, 44.71, -19.21, 6.51, 28.80, 1.70, 36.54 
368024, 2.04, 46.21, -19.21, 6.37, 28.81, 1.74, 37.38 
368061, 2.29, 48.06, -19.21, 6.20, 28.81, 1.79, 38.30 
368098, 1.86, 50.12, -19.21, 6.09, 28.82, 1.80, 39.38 
368135, 1.57, 50.10, -19.20, 6.05, 28.83, 1.78, 40.42 
368172, 2.17, 50.65, -19.20, 5.99, 28.83, 1.82, 41.39 
368209, 2.23, 51.98, -19.19, 5.82, 28.84, 1.87, 42.30 
368246, 2.05, 53.02, -19.19, 5.78, 28.84, 1.89, 43.32 
368283, 1.53, 53.47, -19.20, 5.66, 28.84, 1.84, 44.24 
368320, 1.82, 54.81, -19.21, 5.53, 28.85, 1.84, 45.18 
368357, 2.38, 55.97, -19.21, 5.37, 28.85, 1.89, 46.11 
368394, 2.07, 57.72, -19.22, 5.19, 28.86, 1.90, 47.11 
368431, 2.37, 58.68, -19.23, 5.05, 28.84, 1.94, 48.14 
368468, 1.55, 60.75, -19.23, 5.00, 28.85, 1.89, 49.36 
368505, 2.62, 60.66, -19.24, 5.01, 28.85, 1.96, 50.49 
368542, 1.43, 59.46, -19.24, 4.97, 28.87, 1.91, 51.36 
368579, 1.97, 60.99, -19.24, 4.88, 28.87, 1.92, 52.24 
368616, 1.56, 61.92, -19.24, 4.74, 28.88, 1.88, 53.08 
368653, 2.40, 63.46, -19.24, 4.59, 28.88, 1.93, 53.98 
368690, 1.46, 63.42, -19.24, 4.45, 28.89, 1.88, 54.80 
368727, 2.05, 67.38, -19.25, 4.29, 28.89, 1.89, 55.92 
368764, 0.36, 67.59, -19.25, 4.17, 28.88, 1.74, 56.97 
368801, 1.95, 68.09, -19.25, 4.08, 28.89, 1.76, 58.01 
368838, 3.37, 69.00, -19.26, 3.99, 28.90, 1.92, 59.02 
368875, 2.51, 69.68, -19.26, 3.92, 28.90, 1.97, 60.03 
368912, 2.44, 70.21, -19.26, 3.83, 28.89, 2.02, 60.96 
368949, 3.29, 72.44, -19.26, 3.75, 28.89, 2.15, 62.04 
368986, 3.44, 71.90, -19.26, 3.71, 28.89, 2.28, 62.99 
369023, 1.49, 71.82, -19.25, 3.67, 28.90, 2.20, 63.84 
369060, 3.15, 72.81, -19.25, 3.56, 28.91, 2.30, 64.63 
369097, 1.83, 74.43, -19.24, 3.40, 28.92, 2.26, 65.47 
369134, 1.50, 76.23, -19.25, 3.34, 28.92, 2.18, 66.50 
369171, 2.99, 76.38, -19.25, 3.34, 28.92, 2.25, 67.48 
369208, 3.56, 76.74, -19.26, 3.30, 28.92, 2.38, 68.37 
369245, 4.05, 76.13, -19.26, 3.26, 28.92, 2.54, 69.11 
369282, 4.11, 77.12, -19.27, 3.19, 28.91, 2.69, 69.85 
369319, 3.16, 78.51, -19.28, 3.02, 28.90, 2.74, 70.57 
369356, 5.09, 80.76, -19.28, 2.96, 28.91, 2.97, 71.53 
369393, 7.43, 79.85, -19.28, 2.91, 28.92, 3.41, 72.31 
369430, 0.41, 74.56, -19.29, 2.82, 28.92, 3.11, 72.46 
369467, 5.49, 82.20, -19.29, 2.72, 28.94, 3.35, 73.35 
369504, 2.22, 82.83, -19.29, 2.65, 28.93, 3.23, 74.23 
369541, 4.68, 82.45, -19.29, 2.51, 28.93, 3.38, 74.92 
369578, 10.19, 85.09, -19.29, 2.40, 28.93, 4.05, 75.84 
369615, 6.99, 85.67, -19.30, 2.28, 28.93, 4.34, 76.71 
369652, -8.38, 87.36, -19.30, 2.18, 28.93, 3.07, 77.69 
369689, 23.29, 87.80, -19.31, 2.06, 28.91, 5.08, 78.59 
369726, 33.50, 88.08, -19.32, 2.06, 28.91, 7.92, 79.55 
369763, 25.62, 88.00, -19.32, 2.06, 28.92, 9.69, 80.39 
369800, 3.45, 87.68, -19.31, 2.06, 28.94, 9.07, 81.12 
369837, 26.22, 88.13, -19.32, 2.05, 28.95, 10.78, 81.81 
369874, 18.09, 87.22, -19.32, 2.06, 28.94, 11.51, 82.36 
369911, 12.53, 88.01, -19.32, 2.07, 28.95, 11.61, 82.93 
369948, 22.42, 87.77, -19.32, 2.07, 28.94, 12.69, 83.42 
369985, 34.99, 88.05, -19.33, 2.08, 28.94, 14.91, 83.89 
370022, -83.89, 87.95, -19.33, 2.08, 29.19, 5.03, 84.29 
370059, 7.35, 86.57, -19.34, 2.08, 29.20, 5.25, 84.52 
370096, 14.44, 88.17, -19.35, 2.07, 29.20, 6.17, 84.88 
370133, 19.13, 88.65, -19.35, 2.07, 29.20, 7.46, 85.26 
370170, 5.01, 88.41, -19.36, 2.08, 29.21, 7.21, 85.58 
370207, 3.24, 88.52, -19.35, 2.07, 29.21, 6.82, 85.87 
370244, 18.69, 88.12, -19.35, 2.07, 29.21, 8.01, 86.09 
370281, 14.24, 88.14, -19.34, 2.07, 29.21, 8.64, 86.30 
370318, 17.45, 88.05, -19.34, 2.06, 29.21, 9.52, 86.47 
370355, -2.60, 88.16, -19.35, 2.06, 29.22, 8.30, 86.63 
370392, -3.50, 88.63, -19.35, 2.06, 29.22, 7.12, 86.83 
370429, 16.97, 88.38, -19.35, 2.06, 29.23, 8.10, 86.98 
370466, 9.04, 88.78, -19.36, 2.06, 29.23, 8.19, 87.16 
370503, 27.16, 87.91, -19.37, 2.06, 29.22, 10.08, 87.24 
370540, -10.89, 88.57, -19.37, 2.07, 29.21, 7.98, 87.38 
370577, 19.72, 88.54, -19.37, 2.07, 29.21, 9.15, 87.50 
370614, 2.44, 88.69, -19.38, 2.08, 29.21, 8.48, 87.62 
370651, 12.76, 88.52, -19.37, 2.09, 29.21, 8.91, 87.72 
370688, -2.05, 88.44, -19.37, 2.09, 29.21, 7.81, 87.80 
370725, -37.97, 88.88, -19.38, 2.09, 29.21, 3.23, 87.91 
370762, -12.20, 88.98, -19.38, 2.10, 29.21, 1.69, 88.02 
370799, 20.32, 88.49, -19.38, 2.11, 29.22, 3.55, 88.07 
370836, 32.01, 88.44, -19.38, 2.11, 29.21, 6.39, 88.11 
370873, 6.91, 88.19, -19.39, 2.11, 29.22, 6.44, 88.13 
370910, 10.12, 88.43, -19.39, 2.13, 29.21, 6.80, 88.17 
370947, 27.90, 88.59, -19.39, 2.14, 29.21, 8.91, 88.22 
370984, 24.88, 88.05, -19.39, 2.15, 29.20, 10.51, 88.21 
371021, 14.04, 88.23, -19.39, 2.15, 29.21, 10.87, 88.21 
371058, 15.57, 88.31, -19.38, 2.15, 29.20, 11.34, 88.22 
371095, 24.72, 88.28, -19.38, 2.14, 29.22, 12.68, 88.22 
371132, 29.51, 88.52, -19.38, 2.14, 29.22, 14.36, 88.25 
371169, 23.67, 87.98, -19.38, 2.14, 29.23, 15.29, 88.22 
371206, 13.39, 88.24, -19.38, 2.13, 29.24, 15.11, 88.22 
371243, 16.26, 88.01, -19.38, 2.13, 29.24, 15.22, 88.20 
371280, 5.86, 88.91, -19.39, 2.14, 29.25, 14.28, 88.28 
371317, 19.71, 88.14, -19.39, 2.16, 29.23, 14.82, 88.28 
371354, 25.43, 88.30, -19.40, 2.17, 29.22, 15.87, 88.29 
371391, 13.83, 88.19, -19.41, 2.18, 29.23, 15.66, 88.29 
371428, 7.22, 88.03, -19.41, 2.18, 29.24, 14.81, 88.27 
371465, 21.32, 87.72, -19.41, 2.19, 29.23, 15.47, 88.22 
371502, 11.31, 88.20, -19.40, 2.19, 29.24, 15.06, 88.22 
371539, 15.48, 88.19, -19.41, 2.19, 29.24, 15.09, 88.22 
371576, 20.56, 88.67, -19.41, 2.20, 29.25, 15.64, 88.27 
371613, 22.20, 88.64, -19.41, 2.20, 29.24, 16.29, 88.31 
371650, 21.45, 88.42, -19.41, 2.20, 29.24, 16.81, 88.32 
371687, 30.96, 88.48, -19.42, 2.21, 29.25, 18.22, 88.34 
371724, 28.50, 89.02, -19.43, 2.21, 29.25, 19.23, 88.41 
371761, 3.43, 88.60, -19.43, 2.21, 29.25, 17.65, 88.43 
371798, -8.49, 88.14, -19.44, 2.22, 29.25, 15.03, 88.41 
371835, 178.39, 95.84, -19.43, 2.22, 29.28, 31.37, 89.15 
371872, 11.09, 88.58, -19.44, 2.22, 29.27, 29.34, 89.10 
371909, 21.80, 88.61, -19.43, 2.22, 29.27, 28.59, 89.05 
371946, 7.25, 88.49, -19.43, 2.21, 29.28, 26.46, 88.98 
371983, 15.80, 88.52, -19.44, 2.21, 29.29, 25.39, 88.94 
372020, 14.04, 88.90, -19.44, 2.20, 29.29, 24.25, 88.92 
372057, -8.91, 88.60, -19.44, 2.21, 29.29, 20.94, 88.90 
372094, 1.30, 88.78, -19.43, 2.20, 29.30, 18.98, 88.88 
372131, -14.47, 88.30, -19.43, 2.21, 29.31, 15.63, 88.83 
372168, 13.17, 88.69, -19.44, 2.21, 29.30, 15.38, 88.82 
372205, 9.29, 88.47, -19.45, 2.22, 29.31, 14.76, 88.79 
372242, 17.74, 88.62, -19.46, 2.23, 29.30, 15.06, 88.78 
372279, 22.31, 88.91, -19.46, 2.23, 29.29, 15.78, 88.80 
372316, 14.93, 88.75, -19.46, 2.24, 29.29, 15.70, 88.80 
372353, 26.19, 88.32, -19.45, 2.24, 29.29, 16.75, 88.75 
372390, 20.70, 88.76, -19.46, 2.24, 29.29, 17.14, 88.75 
372427, 5.19, 88.16, -19.46, 2.23, 29.30, 15.94, 88.69 
372464, 3.12, 88.49, -19.46, 2.24, 29.30, 14.66, 88.67 
372501, -1.79, 89.10, -19.46, 2.24, 29.31, 13.02, 88.71 
372538, -0.88, 88.20, -19.46, 2.25, 29.30, 11.62, 88.67 
372575, 35.39, 88.94, -19.47, 2.26, 29.30, 14.00, 88.71 
372612, -5.83, 88.65, -19.47, 2.26, 29.30, 12.01, 88.71 
372649, 8.13, 89.03, -19.48, 2.27, 29.31, 11.62, 88.75 
372686, 0.00, 88.95, -19.48, 2.27, 29.30, 10.45, 88.76 
372723, -9.32, 88.14, -19.48, 2.27, 29.31, 8.48, 88.70 
372760, 25.46, 88.84, -19.48, 2.26, 29.30, 10.17, 88.71 
372797, -6.07, 88.72, -19.48, 2.24, 29.30, 8.55, 88.69 
372834, 14.78, 87.99, -19.47, 2.24, 29.31, 9.18, 88.62 
372871, 11.31, 88.61, -19.46, 2.23, 29.31, 9.40, 88.61 
372908, 17.45, 89.02, -19.46, 2.23, 29.32, 10.21, 88.65 
372945, 0.92, 88.28, -19.46, 2.24, 29.32, 9.28, 88.62 
372982, 17.35, 89.12, -19.47, 2.23, 29.31, 10.08, 88.66 
373019, 1.88, 88.29, -19.48, 2.24, 29.32, 9.25, 88.64 
373056, 38.99, 89.41, -19.47, 2.25, 29.31, 12.23, 88.72 
373093, 9.25, 88.81, -19.49, 2.25, 29.32, 11.92, 88.73 
373130, -4.24, 89.24, -19.48, 2.25, 29.33, 10.30, 88.78 
373167, 18.82, 88.78, -19.48, 2.24, 29.32, 11.16, 88.77 
373204, 16.26, 88.66, -19.48, 2.24, 29.32, 11.67, 88.76 
373241, 9.62, 88.37, -19.47, 2.23, 29.32, 11.47, 88.72 
373278, 14.53, 87.74, -19.48, 2.24, 29.31, 11.77, 88.62 
373315, 20.65, 88.07, -19.48, 2.24, 29.32, 12.66, 88.57 
373352, 8.84, 88.75, -19.48, 2.24, 29.32, 12.28, 88.59 
373389, -30.78, 88.70, -19.48, 2.25, 29.32, 7.97, 88.60 
373426, 11.51, 88.49, -19.49, 2.25, 29.32, 8.32, 88.60 
373463, 10.78, 88.25, -19.49, 2.26, 29.33, 8.57, 88.57 
373500, -1.88, 88.30, -19.49, 2.26, 29.32, 7.52, 88.54 
373537, 47.12, 89.64, -19.48, 2.26, 29.33, 11.48, 88.65 
373574, 13.84, 88.08, -19.49, 2.26, 29.34, 11.72, 88.60 
373611, 23.57, 88.48, -19.49, 2.26, 29.35, 12.90, 88.58 
373648, 30.83, 88.28, -19.49, 2.26, 29.35, 14.69, 88.55 
373685, -13.24, 88.11, -19.48, 2.27, 29.36, 11.90, 88.51 
373722, 16.86, 88.16, -19.50, 2.26, 29.35, 12.39, 88.47 
373759, 14.23, 88.03, -19.50, 2.28, 29.34, 12.57, 88.44 
373796, 33.69, 88.58, -19.51, 2.28, 29.34, 14.67, 88.46 
373833, 27.72, 88.36, -19.51, 2.28, 29.33, 15.97, 88.45 
373870, -2.39, 88.66, -19.52, 2.28, 29.33, 14.13, 88.47 
373907, 15.95, 88.07, -19.51, 2.28, 29.33, 14.32, 88.43 
373944, 20.97, 88.33, -19.51, 2.28, 29.34, 14.99, 88.42 
373981, 9.09, 88.61, -19.51, 2.28, 29.34, 14.40, 88.44 
374018, 46.64, 89.07, -19.51, 2.28, 29.34, 17.63, 88.50 
374055, 24.18, 88.65, -19.50, 2.28, 29.34, 18.28, 88.52 
374092, 16.39, 88.58, -19.51, 2.29, 29.35, 18.08, 88.53 
374129, 15.12, 88.98, -19.52, 2.30, 29.34, 17.78, 88.59 
374166, 23.63, 88.21, -19.53, 2.31, 29.34, 18.36, 88.55 
374203, 18.08, 88.63, -19.53, 2.31, 29.34, 18.33, 88.57 
374240, 8.13, 88.46, -19.53, 2.32, 29.35, 17.31, 88.56 
374277, -7.39, 88.51, -19.53, 2.32, 29.34, 14.84, 88.56 
374314, 20.43, 88.60, -19.54, 2.32, 29.35, 15.40, 88.56 
374351, 5.51, 87.71, -19.54, 2.32, 29.36, 14.41, 88.47 
374388, 31.26, 89.23, -19.55, 2.31, 29.36, 16.08, 88.54 
374425, 20.56, 88.66, -19.56, 2.30, 29.36, 16.52, 88.55 
374462, 22.93, 89.28, -19.57, 2.30, 29.36, 17.15, 88.62 
374499, 14.57, 88.59, -19.58, 2.31, 29.36, 16.88, 88.62 
374536, 19.44, 88.59, -19.58, 2.31, 29.36, 17.14, 88.63 
374573, 35.73, 88.44, -19.59, 2.31, 29.37, 18.99, 88.61 
374610, 18.71, 88.27, -19.59, 2.31, 29.38, 18.96, 88.57 
374647, 32.68, 88.52, -19.59, 2.31, 29.38, 20.33, 88.56 
374684, -1.64, 88.06, -19.59, 2.31, 29.39, 18.13, 88.51 
374721, 31.76, 88.26, -19.59, 2.31, 29.39, 19.50, 88.49 
374758, -5.62, 88.31, -19.59, 2.31, 29.40, 16.99, 88.47 
374795, -9.46, 88.83, -19.58, 2.30, 29.40, 14.35, 88.50 
374832, -5.96, 88.13, -19.59, 2.31, 29.39, 12.31, 88.47 
374869, 38.81, 88.74, -19.59, 2.31, 29.40, 14.96, 88.50 
374906, 26.00, 88.86, -19.60, 2.31, 29.38, 16.06, 88.54 
374943, 46.55, 89.00, -19.60, 2.32, 29.38, 19.10, 88.59 
374980, 42.34, 88.77, -19.60, 2.32, 29.38, 21.43, 88.61 
375017, 9.33, 88.01, -19.60, 2.31, 29.39, 20.22, 88.54 
375054, 104.35, 90.30, -19.60, 2.31, 29.40, 28.63, 88.71 
375091, 26.18, 88.36, -19.60, 2.31, 29.41, 28.38, 88.68 
375128, -1.25, 88.71, -19.60, 2.30, 29.40, 25.42, 88.68 
375165, 14.89, 87.84, -19.60, 2.30, 29.41, 24.37, 88.59 
375202, 26.00, 88.86, -19.60, 2.31, 29.41, 24.53, 88.63 
375239, 7.91, 89.01, -19.60, 2.32, 29.41, 22.87, 88.67 
375276, -6.71, 88.59, -19.61, 2.32, 29.40, 19.90, 88.67 
375313, 4.09, 88.46, -19.62, 2.33, 29.41, 18.32, 88.65 
375350, 8.97, 88.95, -19.62, 2.33, 29.41, 17.38, 88.68 
375387, 17.65, 88.78, -19.62, 2.33, 29.40, 17.41, 88.69 
375424, 22.83, 88.42, -19.62, 2.33, 29.41, 17.95, 88.66 
375461, 18.00, 88.90, -19.62, 2.33, 29.40, 17.95, 88.69 
375498, 34.99, 88.89, -19.62, 2.33, 29.40, 19.66, 88.71 
375535, -22.11, 89.11, -19.63, 2.33, 29.40, 15.47, 88.75 
375572, 7.67, 88.55, -19.63, 2.34, 29.39, 14.69, 88.74 
375609, 21.25, 88.51, -19.63, 2.34, 29.39, 15.34, 88.72 
375646, 16.17, 85.32, -19.64, 2.34, 29.39, 15.42, 88.38 
375683, -5.33, 87.89, -19.65, 2.35, 29.40, 13.34, 88.34 
375720, 120.96, 90.25, -19.65, 2.36, 29.39, 24.10, 88.54 
375757, 26.57, 88.39, -19.64, 2.36, 29.39, 24.35, 88.52 
375794, -9.27, 88.64, -19.65, 2.34, 29.40, 20.99, 88.52 
375831, -35.17, 87.55, -19.67, 2.35, 29.39, 15.35, 88.42 
375868, 68.84, 89.67, -19.66, 2.34, 29.39, 20.71, 88.54 
375905, 8.62, 88.18, -19.66, 2.34, 29.39, 19.50, 88.51 
375942, 17.18, 88.47, -19.65, 2.33, 29.40, 19.27, 88.50 
375979, 23.70, 88.87, -19.66, 2.34, 29.40, 19.71, 88.54 
376016, 7.91, 88.00, -19.67, 2.34, 29.40, 18.52, 88.49 
376053, 16.23, 87.82, -19.67, 2.33, 29.40, 18.29, 88.41 
376090, 33.39, 88.77, -19.67, 2.34, 29.40, 19.80, 88.45 
376127, 25.14, 88.65, -19.68, 2.35, 29.41, 20.33, 88.48 
376164, -24.44, 88.48, -19.68, 2.37, 29.43, 15.85, 88.50 
376201, -47.23, 88.99, -19.69, 2.36, 29.44, 9.53, 88.54 
376238, 26.10, 88.64, -19.69, 2.38, 29.46, 11.19, 88.57 
376275, -8.88, 88.22, -19.70, 2.38, 29.47, 9.17, 88.53 
376312, 11.69, 88.40, -19.71, 2.38, 29.48, 9.42, 88.52 
376349, 8.53, 88.33, -19.71, 2.39, 29.48, 9.32, 88.51 
376386, 1.79, 88.24, -19.71, 2.41, 29.48, 8.57, 88.50 
376423, -3.61, 87.38, -19.72, 2.42, 29.48, 7.34, 88.40 
376460, -13.19, 88.25, -19.73, 2.43, 29.47, 5.28, 88.39 
376497, 0.99, 88.37, -19.74, 2.43, 29.47, 4.85, 88.39 
376534, 0.00, 88.21, -19.74, 2.44, 29.48, 4.36, 88.38 
376571, -4.97, 88.07, -19.74, 2.44, 29.48, 3.43, 88.35 
376608, 2.66, 87.60, -19.74, 2.43, 29.49, 3.35, 88.27 
376645, 1.15, 88.62, -19.74, 2.43, 29.49, 3.13, 88.30 
376682, -12.68, 87.75, -19.74, 2.43, 29.50, 1.55, 88.25 
376719, 7.37, 87.64, -19.75, 2.43, 29.49, 2.13, 88.19 
376756, -8.13, 87.86, -19.75, 2.44, 29.49, 1.09, 88.16 
376793, -8.60, 87.60, -19.76, 2.45, 29.49, 0.12, 88.12 
376830, 3.01, 87.87, -19.76, 2.48, 29.48, 0.41, 88.12 
376867, 3.87, 87.97, -19.76, 2.57, 29.49, 0.75, 88.19 
376904, 6.03, 86.61, -19.76, 2.73, 29.49, 1.28, 88.17 
376941, 45.86, 84.27, -19.76, 2.93, 29.54, 5.74, 87.96 
376978, -1.97, 83.54, -19.75, 3.07, 29.54, 4.98, 87.65 
377015, -0.37, 81.36, -19.75, 3.22, 29.55, 4.45, 87.15 
377052, 2.15, 79.68, -19.75, 3.31, 29.55, 4.22, 86.48 
377089, 1.74, 80.96, -19.75, 3.37, 29.53, 3.97, 85.98 
377126, -2.34, 79.17, -19.75, 3.56, 29.53, 3.33, 85.47 
377163, 0.61, 77.03, -19.75, 3.77, 29.53, 3.07, 84.82 
377200, 0.10, 74.58, -19.76, 4.17, 29.53, 2.76, 84.16 
377237, 0.86, 69.40, -19.77, 4.65, 29.52, 2.56, 83.11 
377274, 1.46, 65.88, -19.77, 4.99, 29.53, 2.45, 81.69 
377311, 1.11, 63.91, -19.77, 5.14, 29.53, 2.32, 80.05 
377348, 2.83, 58.16, -19.77, 5.26, 29.51, 2.37, 77.97 
377385, 0.41, 63.04, -19.76, 5.42, 29.49, 2.18, 76.62 
377422, 4.48, 64.40, -19.77, 5.81, 29.45, 2.40, 75.75 
377459, 1.34, 42.77, -19.77, 6.18, 29.40, 2.30, 72.79 
377496, 2.61, 53.75, -19.78, 6.52, 29.37, 2.31, 71.18 
377533, -6.96, 52.86, -19.80, 6.70, 29.34, 1.37, 69.52 
377570, 1.91, 45.04, -19.81, 6.83, 29.31, 1.41, 67.19 
377607, -0.08, 50.39, -19.83, 6.91, 29.26, 1.25, 65.58 
377644, 3.64, 45.73, -19.85, 7.08, 29.22, 1.47, 63.74 
377681, 2.65, 44.67, -19.86, 7.33, 29.21, 1.58, 62.07 
377718, 5.85, 43.70, -19.88, 7.83, 29.14, 1.99, 60.68 
377755, 3.46, 39.14, -19.90, 8.24, 29.08, 2.12, 58.90 
377792, 3.54, 32.22, -19.91, 8.56, 29.03, 2.25, 56.52 
377829, 2.95, 31.93, -19.93, 8.78, 29.01, 2.31, 54.25 
377866, 3.14, 30.52, -19.95, 8.94, 28.97, 2.37, 52.02 
377903, 3.73, 29.30, -19.96, 9.02, 28.93, 2.50, 49.82 
377940, 1.34, 34.39, -19.97, 9.16, 28.89, 2.37, 48.40 
377977, 2.85, 25.43, -20.00, 9.33, 28.88, 2.39, 46.27 
378014, 3.03, 24.71, -20.01, 9.51, 28.85, 2.45, 44.27 
378051, 6.22, 29.66, -20.03, 9.65, 28.84, 2.81, 42.93 
378088, 4.08, 24.76, -20.04, 9.76, 28.83, 2.93, 41.22 
378125, 2.75, 23.08, -20.05, 9.89, 28.83, 2.89, 39.51 
378162, 2.85, 20.99, -20.07, 10.06, 28.85, 2.88, 37.82 
378199, 3.01, 20.48, -20.09, 10.33, 28.85, 2.87, 36.33 
378236, 2.35, 16.41, -20.13, 10.64, 28.86, 2.79, 34.61 
378273, 2.73, 15.50, -20.15, 10.85, 28.86, 2.76, 32.89 
378310, 0.97, 12.95, -20.17, 11.10, 28.85, 2.56, 31.12 
378347, 1.59, 9.54, -20.20, 11.31, 28.84, 2.43, 29.15 
378384, 2.39, 7.10, -20.22, 11.45, 28.84, 2.41, 27.07 
378421, -10.69, 9.95, -20.25, 11.69, 28.78, 1.08, 25.58 
378458, 0.58, 4.36, -20.27, 11.98, 28.78, 1.01, 23.71 
378495, 2.07, 2.28, -20.30, 12.21, 28.77, 1.09, 21.78 
378532, -1.83, 0.55, -20.33, 12.43, 28.73, 0.77, 19.86 
378569, 4.85, 0.42, -20.33, 12.43, 28.44, 1.18, 17.91 
378606, -1.07, 0.42, -20.32, 12.43, 28.24, 0.96, 16.16 
378643, 0.66, 0.13, -20.32, 12.43, 28.17, 0.93, 14.56 
378680, 2.18, -0.50, -20.34, 12.43, 27.87, 1.04, 13.06 
378717, -6.07, -12.75, -20.40, 12.47, 27.69, 0.28, 10.51 
378754, 8.28, 11.94, -20.43, 12.47, 27.50, 1.05, 10.65 
378791, 26.21, 36.00, -20.41, 12.48, 27.25, 3.58, 13.19 
378828, 0.05, 0.29, -20.42, 12.49, 27.17, 3.22, 11.91 
378865, 0.49, 0.21, -20.42, 12.48, 27.16, 2.95, 10.74 
378902, 0.36, -0.05, -20.42, 12.48, 27.18, 2.69, 9.66 
378939, 0.34, 0.31, -20.43, 12.49, 27.18, 2.45, 8.73 
378976, -0.41, 0.05, -20.43, 12.49, 27.18, 2.16, 7.86 
379013, 1.21, 0.77, -20.44, 12.50, 27.03, 2.05, 7.16 
379050, -1.22, 1.20, -20.44, 12.50, 26.93, 1.73, 6.57 
379087, 1.44, 0.52, -20.45, 12.50, 26.79, 1.69, 5.96 
379124, -0.34, 2.44, -20.45, 12.50, 26.53, 1.48, 5.61 
379161, 0.87, -2.18, -20.45, 12.50, 26.32, 1.42, 4.83 
379198, -0.56, -0.95, -20.44, 12.48, 26.04, 1.24, 4.24 
379235, 2.03, -1.61, -20.43, 12.47, 25.77, 1.33, 3.64 
379272, 0.29, -0.11, -20.43, 12.47, 25.59, 1.22, 3.27 
379309, -0.19, -1.90, -20.43, 12.46, 25.43, 1.08, 2.74 
379346, -0.45, 0.05, -20.44, 12.47, 25.29, 0.92, 2.48 
379383, 0.08, -0.37, -20.44, 12.48, 25.15, 0.83, 2.21 
379420, 0.21, -1.02, -20.46, 12.49, 24.90, 0.76, 1.89 
379457, 2.36, 0.82, -20.46, 12.49, 24.67, 0.92, 1.79 
379494, 1.14, -0.35, -20.46, 12.51, 24.47, 0.94, 1.59 
379531, -0.53, -0.61, -20.46, 12.51, 24.24, 0.79, 1.36 
379568, 0.37, -0.35, -20.43, 12.50, 24.14, 0.77, 1.19
379605, -0.24, -0.53, -20.44, 12.50, 23.96, 0.67, 1.01 
379642, -0.21, 0.42, -20.44, 12.50, 23.79, 0.58, 0.96 
379679, -0.05, 0.13, -20.44, 12.50, 23.49, 0.51, 0.87 
379716, -0.53, 0.50, -20.44, 12.49, 23.28, 0.41, 0.83 
379753, 0.13, -0.91, -20.46, 12.50, 23.07, 0.37, 0.66 
379790, 1.51, 1.22, -20.46, 12.50, 22.87, 0.48, 0.72 
379827, 0.32, -0.40, -20.47, 12.50, 22.74, 0.45, 0.61 
379864, -0.24, 0.21, -20.48, 12.50, 22.57, 0.37, 0.57 
379901, 0.82, 0.11, -20.48, 12.51, 22.44, 0.42, 0.53 
379938, 0.83, 0.16, -20.48, 12.51, 22.30, 0.46, 0.50 
379975, -0.45, -0.53, -20.48, 12.50, 22.11, 0.37, 0.38 
380012, -1.50, -0.29, -20.48, 12.50, 21.85, 0.18, 0.32 
380049, 1.04, -0.59, -20.49, 12.49, 21.60, 0.26, 0.21 
380086, 0.03, -0.81, -20.50, 12.51, 21.42, 0.23, 0.13 
380123, -1.93, -0.85, -20.51, 12.52, 21.18, 0.00, 0.04 
380160, -1.06, 0.24, -20.52, 12.53, 20.87, -0.11, 0.07 
380197, -1.93, -0.67, -20.53, 12.54, 20.62, -0.30, 0.00 
380234, -0.05, -0.11, -20.53, 12.54, 20.28, -0.28, -0.01 
380271, -5.51, 1.09, -20.54, 12.53, 19.86, -0.81, 0.10 
380308, -0.05, -0.43, -20.54, 12.53, 19.64, -0.74, 0.05 
380345, -1.84, 0.37, -20.54, 12.52, 19.42, -0.85, 0.07 
380382, -0.61, -0.45, -20.54, 12.52, 19.20, -0.82, 0.01 
380419, -1.70, -4.38, -20.56, 12.51, 18.86, -0.92, -0.44 
380456, 1.77, -3.20, -20.57, 12.50, 18.44, -0.66, -0.72 
380493, -0.66, -0.66, -20.58, 12.49, 18.20, -0.68, -0.72 
380530, -1.56, -0.34, -20.58, 12.50, 17.91, -0.76, -0.67 
380567, -0.72, -1.47, -20.59, 12.50, 17.57, -0.77, -0.75 
380604, -1.78, -3.07, -20.61, 12.52, 17.16, -0.88, -0.97  
380641, -0.16, 1.27, -20.61, 12.52, 16.97, -0.82, -0.75 
380678, -1.24, 0.78, -20.61, 12.51, 16.83, -0.86, -0.60 
380715, -0.53, 0.59, -20.61, 12.52, 16.62, -0.82, -0.48 
380752, -0.27, -0.77, -20.61, 12.52, 16.46, -0.76, -0.50 
380789, -1.06, -0.29, -20.60, 12.53, 16.25, -0.79, -0.48 
380826, -0.56, -0.69, -20.61, 12.54, 16.04, -0.77, -0.48 
380863, -0.67, 0.83, -20.62, 12.55, 15.90, -0.77, -0.35 
380900, -1.07, 1.05, -20.63, 12.56, 15.68, -0.81, -0.20 
380937, -1.48, -4.90, -20.64, 12.56, 15.34, -0.89, -0.66 
380974, -0.40, 0.87, -20.65, 12.57, 15.07, -0.85, -0.50 
381011, -3.41, -3.30, -20.64, 12.57, 14.81, -1.10, -0.78 
381048, -3.80, -1.61, -20.64, 12.58, 14.48, -1.37, -0.86 
381085, -1.84, -1.60, -20.65, 12.58, 14.09, -1.42, -0.93 
381122, 1.86, 1.43, -20.65, 12.57, 13.77, -1.09, -0.70 
381159, -1.57, 1.25, -20.65, 12.57, 13.47, -1.14, -0.51 
381196, 1.27, 0.82, -20.65, 12.57, 13.30, -0.90, -0.38 
381233, -0.63, 0.39, -20.66, 12.58, 12.91, -0.88, -0.29 
381270, -0.08, -1.27, -20.66, 12.58, 12.67, -0.80, -0.39 
381307, -0.91, 1.04, -20.66, 12.58, 12.44, -0.82, -0.24 
381344, -0.82, 0.82, -20.68, 12.58, 12.22, -0.83, -0.14 
381381, -2.30, 0.50, -20.68, 12.58, 11.97, -0.98, -0.07 
381418, 0.40, -1.59, -20.69, 12.58, 11.71, -0.85, -0.23 
381455, -4.61, 0.32, -20.69, 12.57, 11.51, -1.23, -0.18 
381492, -0.03, -1.12, -20.69, 12.57, 11.19, -1.11, -0.27 
381529, -6.93, 0.13, -20.69, 12.57, 10.93, -1.69, -0.23 
381566, 0.24, -0.48, -20.70, 12.57, 10.63, -1.50, -0.26 
381603, -3.34, -1.96, -20.70, 12.57, 10.53, -1.69, -0.42 
381640, -1.22, 2.10, -20.74, 12.56, 10.57, -1.67, -0.18 
381677, -1.49, -0.16, -20.75, 12.57, 10.58, -1.66, -0.17 
381714, -1.47, -0.61, -20.75, 12.58, 10.56, -1.65, -0.21 
381751, -1.17, 0.64, -20.75, 12.57, 10.56, -1.60, -0.13 
381788, -1.49, 0.50, -20.75, 12.57, 10.56, -1.59, -0.07 
381825, -1.30, 0.90, -20.75, 12.57, 10.58, -1.56, 0.02 
381862, -1.97, 0.37, -20.75, 12.56, 10.59, -1.60, 0.05 
381899, -0.71, 7.04, -20.75, 12.55, 10.64, -1.51, 0.75 
381936, -2.06, -0.40, -20.76, 12.55, 10.65, -1.57, 0.63 
381973, -2.70, -0.98, -20.77, 12.57, 10.61, -1.69, 0.48 
382010, -2.60, -0.40, -20.78, 12.58, 10.52, -1.80, 0.40 
382047, -0.98, 0.34, -20.78, 12.57, 10.52, -1.72, 0.39 
382084, -1.06, 0.71, -20.77, 12.56, 10.51, -1.64, 0.42 
382121, -1.66, 0.13, -20.78, 12.57, 10.51, -1.65, 0.40 
382158, -3.14, 3.79, -20.78, 12.57, 10.26, -1.80, 0.74 
382195, -7.50, 0.84, -20.78, 12.57, 10.08, -2.37, 0.75 
382232, 2.33, 0.37, -20.78, 12.58, 10.04, -1.90, 0.72 
382269, -1.78, -0.66, -20.80, 12.58, 9.84, -1.90, 0.58 
382306, -1.29, 3.11, -20.82, 12.59, 9.63, -1.86, 0.84 
382343, -0.42, -3.78, -20.81, 12.59, 9.20, -1.71, 0.38 
382380, -1.13, 2.79, -20.82, 12.59, 9.00, -1.66, 0.62 
382417, -2.29, 0.05, -20.83, 12.60, 9.01, -1.73, 0.58 
382454, -1.54, 0.00, -20.82, 12.62, 9.14, -1.70, 0.53 
382491, -1.27, -0.58, -20.82, 12.63, 9.16, -1.66, 0.43 
382528, -5.65, -15.32, -20.80, 12.64, 9.17, -2.04, -1.14 
382565, -0.24, 3.88, -20.81, 12.64, 9.22, -1.87, -0.64 
382602, 3.23, 11.28, -20.87, 12.58, 9.34, -1.42, 0.50 
382639, 5.78, 20.74, -20.88, 12.56, 9.58, -0.70, 2.51 
382676, -2.24, 0.95, -20.87, 12.56, 9.67, -0.85, 2.35 
382713, -1.29, 0.73, -20.88, 12.56, 9.75, -0.90, 2.19 
382750, 2.50, 7.44, -20.88, 12.57, 9.76, -0.57, 2.73 
382787, -2.29, -0.32, -20.88, 12.58, 9.79, -0.74, 2.43 
382824, -1.65, -0.43, -20.88, 12.59, 9.79, -0.83, 2.15 
382861, -2.06, 0.40, -20.89, 12.60, 9.86, -0.96, 1.98 
382898, -1.78, 1.12, -20.90, 12.60, 9.88, -1.05, 1.90 
382935, -1.90, 1.05, -20.90, 12.60, 9.86, -1.14, 1.81 
382972, -0.55, -0.03, -20.88, 12.61, 9.63, -1.06, 1.64 
383009, 0.43, 2.54, -20.89, 12.59, 9.57, -0.92, 1.72 
383046, -1.56, 0.80, -20.89, 12.59, 9.57, -0.98, 1.62 
383083, -1.73, 1.01, -20.88, 12.59, 9.57, -1.05, 1.56 
383120, -1.31, 0.54, -20.88, 12.59, 9.57, -1.07, 1.46 
383157, -2.67, 0.48, -20.89, 12.59, 9.55, -1.24, 1.36 
383194, -1.57, 0.48, -20.90, 12.60, 9.54, -1.28, 1.28 
383231, -0.64, 0.53, -20.91, 12.61, 9.55, -1.23, 1.22 
383268, -1.61, 0.67, -20.91, 12.62, 9.54, -1.27, 1.17 
383305, -0.54, 0.27, -20.91, 12.63, 9.54, -1.20, 1.09 
383342, -1.56, 0.40, -20.92, 12.64, 9.58, -1.24, 1.02 
383379, -1.75, 0.58, -20.91, 12.63, 9.59, -1.29, 0.98 
383416, -0.75, 0.85, -20.91, 12.64, 9.63, -1.23, 0.97 
383453, -1.91, 0.90, -20.92, 12.64, 9.70, -1.30, 0.96 
383490, 0.88, 9.62, -20.90, 12.61, 9.88, -1.07, 1.80 
383527, 0.24, 4.40, -20.90, 12.60, 10.02, -0.94, 2.05 
383564, -10.44, -18.73, -20.90, 12.51, 10.12, -1.88, -0.11 
383601, 1.10, -2.04, -20.90, 12.51, 10.10, -1.59, -0.30 
383638, -0.74, -0.03, -20.91, 12.52, 10.08, -1.51, -0.26 
383675, -0.40, 0.85, -20.92, 12.52, 10.06, -1.41, -0.15 
383712, -1.56, 0.38, -20.92, 12.52, 10.06, -1.43, -0.10 
383749, -1.81, 1.00, -20.93, 12.52, 10.05, -1.48, 0.01 
383786, -1.52, 0.91, -20.93, 12.51, 10.06, -1.48, 0.10 
383823, -1.53, -0.18, -20.93, 12.51, 10.06, -1.48, 0.07 
383860, -0.97, 0.46, -20.93, 12.51, 10.08, -1.43, 0.10 
383897, -1.98, 0.03, -20.93, 12.50, 10.08, -1.49, 0.09 
383934, -1.50, 1.04, -20.94, 12.50, 10.09, -1.50, 0.18 
383971, -0.91, 0.45, -20.94, 12.50, 10.09, -1.44, 0.21 
384008, -1.15, 0.67, -20.95, 12.51, 10.09, -1.42, 0.27 
384045, -0.88, 0.88, -20.95, 12.51, 10.07, -1.37, 0.33 
384082, -1.52, 0.11, -20.96, 12.52, 10.07, -1.39, 0.31 
384119, -1.27, 0.53, -20.97, 12.54, 10.07, -1.38, 0.35 
384156, -1.70, 0.19, -20.97, 12.54, 10.07, -1.42, 0.33 
384193, -1.19, 0.66, -20.97, 12.54, 10.08, -1.39, 0.37 
384230, -1.38, 0.74, -20.97, 12.54, 10.08, -1.39, 0.41 
384267, -1.22, 0.32, -20.96, 12.61, 10.09, -1.37, 0.46 
384304, -1.69, -1.18, -20.96, 12.63, 10.08, -1.40, 0.31 
384341, 0.11, 2.42, -20.97, 12.70, 10.06, -1.26, 0.58 
384378, -1.26, -0.99, -20.97, 12.75, 10.06, -1.26, 0.47 
384415, -1.57, -1.33, -20.97, 12.82, 10.06, -1.29, 0.36 
384452, -1.11, -2.25, -20.97, 12.93, 10.07, -1.27, 0.20 
384489, -0.93, -3.62, -20.96, 13.12, 10.07, -1.23, -0.02
384526, -0.80, -5.91, -20.94, 13.39, 10.07, -1.17, -0.36 
384563, -0.40, -8.10, -20.93, 13.57, 10.07, -1.08, -0.97 
384600, -1.41, -8.99, -20.93, 13.71, 10.08, -1.11, -1.65 
384637, -0.27, -8.96, -20.92, 13.72, 10.09, -1.02, -2.37 
384674, -0.91, -9.51, -20.92, 13.81, 10.09, -1.01, -3.01 
384711, -0.95, -11.31, -20.93, 13.90, 10.08, -1.01, -3.75 
384748, -0.88, -10.53, -20.92, 14.07, 10.08, -0.99, -4.27 
384785, 0.00, -13.64, -20.91, 14.36, 10.08, -0.88, -4.95 
384822, -0.36, -15.18, -20.90, 14.54, 10.07, -0.82, -5.81 
384859, -0.64, -17.38, -20.88, 14.80, 10.06, -0.78, -6.73 
384896, 0.06, -18.35, -20.88, 14.90, 10.06, -0.70, -7.81 
384933, -0.34, -18.80, -20.87, 14.96, 10.06, -0.66, -8.85 
384970, -0.77, -19.59, -20.86, 15.08, 10.07, -0.66, -9.82 
385007, -0.11, -21.07, -20.86, 15.15, 10.07, -0.60, -10.88 
385044, -0.77, -20.36, -20.85, 15.25, 10.08, -0.62, -11.74 
385081, 0.23, -22.17, -20.86, 15.38, 10.08, -0.54, -12.67 
385118, 0.06, -23.67, -20.86, 15.54, 10.07, -0.48, -13.62 
385155, -0.39, -24.62, -20.85, 15.62, 10.08, -0.46, -14.65 
385192, 0.00, -25.81, -20.85, 15.81, 10.08, -0.41, -15.59 
385229, -0.30, -26.74, -20.84, 15.97, 10.08, -0.40, -16.57 
385266, 0.64, -28.02, -20.84, 16.09, 10.08, -0.29, -17.60 
385303, 0.09, -29.06, -20.82, 16.22, 10.08, -0.24, -18.63 
385340, 0.37, -30.38, -20.81, 16.40, 10.08, -0.16, -19.64 
385377, 0.64, -32.12, -20.80, 16.51, 10.09, -0.08, -20.79 
385414, 0.52, -33.40, -20.80, 16.61, 10.09, -0.01, -21.96 
385451, 0.32, -33.69, -20.79, 16.73, 10.10, 0.03, -23.03 
385488, 0.50, -34.84, -20.79, 16.81, 10.10, 0.07, -24.14 
385525, 0.96, -35.08, -20.80, 16.89, 10.11, 0.16, -25.16  
385562, 0.47, -35.61, -20.79, 17.01, 10.10, 0.19, -26.10 
385599, 0.76, -37.40, -20.78, 17.19, 10.10, 0.26, -27.07 
385636, 1.19, -39.57, -20.76, 17.47, 10.09, 0.37, -28.07 
385673, 1.21, -41.57, -20.75, 17.75, 10.10, 0.46, -29.16 
385710, 1.10, -42.82, -20.74, 17.93, 10.10, 0.54, -30.36 
385747, 1.79, -44.92, -20.73, 18.03, 10.11, 0.67, -31.73 
385784, 1.06, -45.89, -20.73, 18.21, 10.11, 0.71, -32.98 
385821, 1.06, -47.34, -20.72, 18.31, 10.11, 0.76, -34.33 
385858, 2.77, -48.12, -20.72, 18.39, 10.11, 0.95, -35.64 
385895, 1.22, -48.67, -20.73, 18.51, 10.09, 0.98, -36.83 
385932, 2.86, -50.44, -20.73, 18.66, 10.09, 1.17, -38.06 
385969, 2.78, -51.82, -20.72, 18.86, 10.08, 1.33, -39.26 
386006, 2.36, -53.47, -20.72, 18.98, 10.07, 1.44, -40.57 
386043, 2.05, -54.47, -20.71, 19.12, 10.06, 1.51, -41.83 
386080, 1.68, -55.66, -20.69, 19.37, 10.07, 1.54, -42.99 
386117, 3.14, -57.22, -20.69, 19.44, 10.08, 1.70, -44.35 
386154, 3.06, -58.05, -20.68, 19.52, 10.08, 1.85, -45.65 
386191, 4.08, -59.64, -20.67, 19.68, 10.08, 2.08, -46.90 
386228, 2.80, -60.84, -20.65, 19.92, 10.09, 2.16, -48.08 
386265, 3.55, -62.46, -20.65, 20.13, 10.09, 2.31, -49.33 
386302, 4.09, -64.73, -20.64, 20.31, 10.08, 2.49, -50.71 
386339, 4.13, -66.29, -20.64, 20.47, 10.07, 2.66, -52.12 
386376, 5.07, -66.96, -20.64, 20.60, 10.07, 2.90, -53.49 
386413, 4.36, -68.73, -20.64, 20.67, 10.08, 3.04, -54.95 
386450, 4.08, -68.41, -20.64, 20.70, 10.07, 3.15, -56.27 
386487, 3.43, -68.59, -20.64, 20.77, 10.07, 3.18, -57.44 
386524, 3.66, -68.87, -20.63, 20.81, 10.07, 3.23, -58.54 
386561, 5.36, -69.58, -20.64, 20.87, 10.08, 3.44, -59.60 
386598, 4.10, -69.81, -20.64, 20.93, 10.09, 3.51, -60.56 
386635, 4.31, -70.76, -20.64, 21.00, 10.09, 3.58, -61.52 
386672, 5.05, -71.64, -20.65, 21.08, 10.08, 3.72, -62.46 
386709, 4.18, -72.27, -20.65, 21.18, 10.08, 3.77, -63.35 
386746, 5.92, -73.09, -20.65, 21.26, 10.07, 3.98, -64.25 
386783, 7.21, -74.56, -20.65, 21.44, 9.99, 4.31, -65.12 
386820, 5.74, -75.25, -20.65, 21.59, 9.99, 4.45, -66.00 
386857, 8.08, -76.52, -20.66, 21.71, 9.99, 4.81, -66.94 
386894, 4.94, -77.62, -20.65, 21.85, 9.99, 4.83, -67.89 
386931, 5.03, -78.74, -20.63, 21.99, 9.98, 4.86, -68.84 
386968, 5.50, -80.09, -20.62, 22.13, 9.99, 4.94, -69.84 
387005, 10.29, -81.15, -20.61, 22.22, 9.99, 5.48, -70.89 
387042, 12.49, -81.91, -20.61, 22.32, 9.99, 6.18, -71.90 
387079, 13.76, -83.22, -20.60, 22.45, 10.00, 6.95, -72.92 
387116, 16.16, -84.17, -20.60, 22.66, 9.99, 7.87, -73.86 
387153, 15.84, -85.83, -20.60, 22.85, 9.98, 8.67, -74.89 
387190, 26.79, -87.09, -20.60, 22.86, 9.99, 10.48, -76.09 
387227, 14.99, -86.40, -20.60, 22.87, 9.98, 10.93, -77.12 
387264, 19.42, -85.64, -20.61, 22.87, 9.98, 11.77, -77.97 
387301, 18.82, -86.31, -20.61, 22.88, 9.98, 12.48, -78.80 
387338, 11.39, -86.07, -20.61, 22.88, 10.00, 12.37, -79.52 
387375, 20.81, -85.79, -20.61, 22.87, 10.02, 13.21, -80.15 
387412, 22.15, -86.86, -20.62, 22.87, 10.03, 14.10, -80.83 
387449, 18.31, -86.00, -20.63, 22.88, 10.03, 14.51, -81.34 
387486, 24.35, -86.20, -20.63, 22.87, 10.04, 15.50, -81.83 
387523, 19.81, -86.16, -20.64, 22.88, 10.05, 15.92, -82.26 
387560, 11.86, -86.67, -20.64, 22.89, 10.05, 15.51, -82.69 
387597, 20.70, -86.40, -20.64, 22.90, 10.06, 16.03, -83.05 
387634, 10.03, -85.87, -20.64, 22.91, 10.06, 15.43, -83.33 
387671, 16.29, -86.30, -20.64, 22.91, 10.04, 15.51, -83.62 
387708, 20.14, -86.66, -20.64, 22.91, 10.05, 15.98, -83.92 
387745, 21.46, -86.78, -20.63, 22.91, 10.05, 16.54, -84.21 
387782, 12.96, -86.11, -20.63, 22.91, 10.06, 16.18, -84.40 
387819, 13.76, -85.88, -20.63, 22.93, 10.07, 15.94, -84.53 
387856, 23.09, -86.39, -20.64, 22.94, 10.08, 16.64, -84.71 
387893, 16.28, -86.17, -20.65, 22.95, 10.08, 16.59, -84.84 
387930, 17.86, -85.81, -20.66, 22.96, 10.08, 16.71, -84.94 
387967, 30.17, -86.73, -20.67, 22.97, 10.09, 18.05, -85.11 
388004, 14.72, -86.16, -20.67, 22.97, 10.09, 17.71, -85.21 
388041, 23.77, -86.92, -20.67, 22.97, 10.09, 18.32, -85.38 
388078, 23.36, -86.29, -20.67, 22.96, 10.10, 18.82, -85.48 
388115, 13.52, -85.49, -20.68, 22.95, 10.09, 18.29, -85.49 
388152, 14.66, -86.37, -20.69, 22.96, 10.09, 17.92, -85.57 
388189, 18.67, -85.93, -20.69, 22.95, 10.10, 17.99, -85.61 
388226, 16.70, -85.79, -20.70, 22.95, 10.10, 17.85, -85.63 
388263, 23.26, -86.64, -20.70, 22.96, 10.11, 18.40, -85.73 
388300, 20.75, -86.29, -20.70, 22.96, 10.10, 18.63, -85.78 
388337, 16.05, -86.09, -20.71, 22.96, 10.10, 18.36, -85.81 
388374, 8.07, -85.99, -20.71, 22.96, 10.10, 17.33, -85.83 
388411, 14.04, -86.20, -20.71, 22.95, 10.10, 17.00, -85.88 
388448, 16.85, -86.02, -20.72, 22.95, 10.10, 16.98, -85.89 
388485, 8.60, -85.67, -20.73, 22.95, 10.11, 16.13, -85.87 
388522, 23.20, -85.88, -20.74, 22.95, 10.11, 16.83, -85.87 
388559, 15.42, -85.97, -20.74, 22.95, 10.11, 16.69, -85.88 
388596, 19.59, -86.66, -20.75, 22.96, 10.12, 16.97, -85.95 
388633, 16.00, -85.75, -20.76, 22.96, 10.12, 16.87, -85.92 
388670, 24.44, -87.22, -20.76, 22.97, 10.12, 17.62, -86.05 
388707, 18.70, -86.32, -20.77, 22.98, 10.12, 17.72, -86.06 
388744, 15.26, -86.30, -20.78, 22.98, 10.12, 17.46, -86.09 
388781, 25.20, -86.64, -20.78, 22.98, 10.13, 18.24, -86.14 
388818, 25.18, -86.70, -20.79, 22.97, 10.12, 18.92, -86.21 
388855, 29.15, -87.07, -20.80, 22.96, 10.12, 19.94, -86.30 
388892, 7.92, -86.75, -20.80, 22.96, 10.13, 18.74, -86.35 
388929, 10.59, -86.55, -20.81, 22.96, 10.13, 17.92, -86.37 
388966, 31.12, -86.98, -20.81, 22.95, 10.12, 19.23, -86.44 
389003, 17.86, -86.59, -20.82, 22.97, 10.12, 19.09, -86.43 
389040, 18.30, -86.39, -20.83, 22.98, 10.11, 19.00, -86.43 
389077, 13.60, -86.51, -20.83, 22.97, 10.11, 18.46, -86.44 
389114, 26.32, -87.32, -20.84, 22.96, 10.12, 19.24, -86.54 
389151, 23.26, -86.56, -20.84, 22.96, 10.12, 19.64, -86.54 
389188, 20.61, -86.90, -20.85, 22.98, 10.13, 19.73, -86.56 
389225, 22.92, -86.52, -20.84, 22.98, 10.14, 20.05, -86.55 
389262, 15.30, -86.74, -20.85, 22.99, 10.12, 19.57, -86.56 
389299, 20.17, -86.99, -20.84, 23.00, 10.26, 19.64, -86.60 
389336, 30.09, -86.48, -20.85, 23.00, 10.27, 20.68, -86.58 
389373, 50.55, -87.20, -20.85, 23.01, 10.29, 23.66, -86.63 
389410, 54.58, -87.20, -20.86, 23.02, 10.29, 26.74, -86.69 
389447, 55.90, -86.94, -20.86, 23.02, 10.31, 29.66, -86.71 
389484, 52.41, -87.00, -20.86, 23.01, 10.29, 31.93, -86.74 
389521, 29.90, -86.68, -20.87, 23.01, 10.29, 31.73, -86.75 
389558, 42.71, -87.09, -20.86, 23.00, 10.18, 32.83, -86.79 
389595, 44.12, -87.21, -20.87, 23.00, 10.19, 33.95, -86.82 
389632, 30.96, -87.47, -20.88, 23.00, 10.20, 33.65, -86.89 
389669, 61.14, -86.41, -20.88, 23.02, 9.93, 36.39, -86.82 
389706, 28.30, -87.44, -20.89, 23.02, 9.92, 35.58, -86.89 
389743, 33.06, -87.02, -20.89, 23.03, 9.93, 35.32, -86.89 
389780, 28.51, -86.70, -20.89, 23.03, 9.94, 34.64, -86.87 
389817, 22.66, -86.73, -20.90, 23.04, 9.94, 33.44, -86.85 
389854, 19.47, -87.22, -20.90, 23.03, 9.95, 32.04, -86.89 
389891, 21.72, -86.52, -20.90, 23.03, 9.96, 31.01, -86.86 
389928, 23.52, -86.99, -20.91, 23.02, 9.96, 30.25, -86.88 
389965, 20.14, -86.59, -20.92, 23.04, 9.94, 29.23, -86.83 
390002, 26.15, -86.92, -20.92, 23.06, 9.93, 28.91, -86.82 
390039, 32.62, -87.19, -20.93, 23.07, 9.92, 29.28, -86.85 
390076, 30.62, -87.26, -20.94, 23.08, 9.93, 29.40, -86.88 
390113, 28.72, -86.75, -20.95, 23.09, 9.93, 29.32, -86.86 
390150, 23.63, -87.77, -20.96, 23.09, 9.93, 28.75, -86.95 
390187, 27.70, -86.61, -20.95, 23.09, 9.93, 28.65, -86.92 
390224, 28.12, -86.71, -20.95, 23.09, 9.93, 28.60, -86.90 
390261, 23.74, -86.04, -20.95, 23.10, 9.92, 28.11, -86.81 
390298, 17.53, -87.32, -20.95, 23.10, 9.92, 27.05, -86.86 
390335, 36.87, -87.66, -20.96, 23.10, 9.92, 28.03, -86.94 
390372, 24.16, -86.99, -20.96, 23.10, 9.92, 27.64, -86.94 
390409, 24.68, -86.89, -20.96, 23.11, 9.91, 27.34, -86.93 
390446, 19.50, -87.31, -20.97, 23.10, 9.92, 26.55, -86.97 
390483, 32.94, -88.00, -20.97, 23.09, 9.92, 27.19, -87.08 
390520, 20.71, -87.67, -20.97, 23.10, 9.92, 26.54, -87.14 
390557, 38.44, -87.29, -20.97, 23.10, 9.92, 27.73, -87.15 
390594, 23.20, -87.05, -20.97, 23.10, 9.91, 27.28, -87.14 
390631, 22.91, -87.28, -20.96, 23.09, 9.92, 26.85, -87.16 
390668, 26.15, -86.82, -20.97, 23.10, 9.91, 26.77, -87.12 
390705, 34.86, -87.49, -20.97, 23.10, 9.90, 27.58, -87.16 
390742, 26.97, -86.83, -20.98, 23.11, 9.90, 27.51, -87.12 
390779, 27.41, -86.95, -20.98, 23.12, 9.91, 27.50, -87.09 
390816, 36.87, -87.77, -20.99, 23.11, 9.90, 28.43, -87.17 
390853, 16.01, -86.57, -20.99, 23.11, 9.90, 27.19, -87.10 
390890, 22.32, -87.32, -20.99, 23.10, 9.91, 26.70, -87.14 
390927, 13.17, -87.36, -20.99, 23.10, 9.91, 25.35, -87.16 
390964, 21.46, -86.69, -20.99, 23.10, 9.91, 24.96, -87.11 
391001, 33.82, -87.22, -21.00, 23.10, 9.91, 25.83, -87.12 
391038, 15.30, -86.72, -21.01, 23.10, 9.91, 24.77, -87.08 
391075, 25.48, -87.00, -21.03, 23.11, 9.91, 24.83, -87.07 
391112, 34.13, -87.42, -21.04, 23.10, 9.91, 25.75, -87.11 
391149, 23.63, -87.33, -21.04, 23.10, 9.91, 25.53, -87.13 
391186, 37.05, -87.15, -21.04, 23.09, 9.91, 26.69, -87.14 
391223, 22.23, -86.77, -21.05, 23.10, 9.92, 26.23, -87.10 
391260, 27.99, -86.85, -21.05, 23.10, 9.92, 26.41, -87.08 
391297, 31.52, -87.89, -21.05, 23.08, 9.92, 26.92, -87.17 
391334, 19.71, -86.63, -21.06, 23.09, 9.93, 26.19, -87.11 
391371, 33.33, -86.91, -21.07, 23.09, 9.93, 26.89, -87.09 
391408, 26.32, -87.34, -21.08, 23.10, 9.92, 26.83, -87.11 
391445, 20.50, -87.01, -21.08, 23.11, 9.92, 26.19, -87.09 
391482, 27.67, -87.08, -21.08, 23.11, 9.93, 26.34, -87.09 
391519, 19.49, -86.82, -21.09, 23.10, 9.93, 25.65, -87.07 
391556, 24.40, -87.26, -21.09, 23.10, 9.93, 25.52, -87.09 
391593, 25.56, -87.41, -21.10, 23.09, 9.93, 25.52, -87.13 
391630, 26.13, -87.03, -21.10, 23.10, 9.94, 25.58, -87.11 
391667, 16.86, -87.23, -21.12, 23.10, 9.93, 24.69, -87.12 
391704, 31.05, -87.11, -21.12, 23.10, 9.94, 25.33, -87.12 
391741, 23.59, -87.54, -21.13, 23.11, 9.94, 25.15, -87.15 
391778, 35.67, -87.62, -21.13, 23.12, 9.94, 26.19, -87.19 
391815, 35.95, -87.47, -21.14, 23.13, 9.94, 27.16, -87.21 
391852, 23.26, -86.79, -21.14, 23.13, 9.94, 26.77, -87.17 
391889, 27.82, -86.96, -21.15, 23.13, 9.94, 26.87, -87.15 
391926, 31.57, -87.29, -21.15, 23.13, 9.94, 27.34, -87.16 
391963, 26.83, -87.64, -21.16, 23.12, 9.94, 27.28, -87.21 
392000, 22.51, -86.85, -21.17, 23.13, 9.95, 26.80, -87.17 
392037, 23.13, -87.09, -21.17, 23.14, 9.93, 26.43, -87.15 
392074, 34.27, -86.83, -21.18, 23.15, 9.94, 27.20, -87.11 
392111, 23.32, -86.71, -21.18, 23.16, 9.94, 26.81, -87.07 
392148, 16.84, -86.96, -21.20, 23.16, 9.94, 25.80, -87.05 
392185, 20.29, -86.63, -21.20, 23.16, 9.94, 25.25, -87.01 
392222, 16.56, -86.89, -21.20, 23.16, 9.94, 24.38, -87.00 
392259, 28.12, -86.76, -21.21, 23.16, 9.94, 24.75, -86.98 
392296, 14.72, -86.66, -21.21, 23.16, 9.94, 23.74, -86.94 
392333, 15.12, -86.88, -21.22, 23.17, 9.96, 22.87, -86.93 
392370, 37.17, -87.43, -21.23, 23.17, 9.95, 24.30, -86.98 
392407, 22.44, -87.41, -21.23, 23.16, 9.95, 24.11, -87.03 
392444, 30.56, -87.64, -21.23, 23.17, 9.95, 24.75, -87.09 
392481, 18.97, -87.29, -21.25, 23.18, 9.95, 24.16, -87.09 
392518, 17.99, -86.68, -21.25, 23.18, 9.95, 23.54, -87.05 
392555, 28.57, -86.87, -21.25, 23.19, 9.95, 24.04, -87.03 
392592, 34.95, -87.39, -21.26, 23.19, 9.95, 25.12, -87.06 
392629, 12.24, -87.03, -21.26, 23.19, 9.95, 23.84, -87.06 
392666, 22.08, -87.03, -21.27, 23.20, 9.94, 23.65, -87.04 
392703, 22.09, -87.18, -21.28, 23.20, 9.95, 23.49, -87.06 
392740, 16.60, -87.06, -21.28, 23.20, 9.95, 22.80, -87.05 
392777, 17.29, -87.03, -21.30, 23.22, 9.95, 22.23, -87.04 
392814, 20.50, -86.76, -21.30, 23.23, 9.94, 22.05, -87.00 
392851, 35.95, -87.46, -21.30, 23.24, 9.94, 23.44, -87.04 
392888, 31.26, -87.65, -21.30, 23.24, 9.95, 24.22, -87.10 
392925, 22.66, -87.10, -21.31, 23.23, 9.95, 24.06, -87.11 
392962, 33.52, -87.76, -21.31, 23.23, 9.97, 25.01, -87.18 
392999, 20.66, -86.59, -21.31, 23.22, 9.97, 24.57, -87.12 
393036, 27.98, -87.31, -21.31, 23.23, 9.96, 24.91, -87.14 
393073, 32.88, -87.72, -21.33, 23.21, 9.97, 25.69, -87.21 
393110, 18.27, -87.09, -21.34, 23.21, 9.98, 24.94, -87.20 
393147, 34.16, -86.86, -21.35, 23.21, 9.98, 25.86, -87.17 
393184, 24.81, -86.66, -21.36, 23.20, 9.99, 25.74, -87.12 
393221, 25.88, -87.15, -21.36, 23.20, 9.99, 25.75, -87.13 
393258, 24.95, -87.18, -21.37, 23.19, 9.99, 25.67, -87.14 
393295, 21.42, -86.35, -21.37, 23.19, 10.00, 25.24, -87.06 
393332, 11.31, -86.93, -21.38, 23.19, 10.00, 23.84, -87.05 
393369, 16.42, -86.86, -21.38, 23.19, 10.00, 23.10, -87.03 
393406, 40.60, -88.06, -21.38, 23.20, 10.00, 24.85, -87.12 
393443, 34.08, -87.13, -21.39, 23.21, 10.01, 25.76, -87.12 
393480, 34.82, -87.41, -21.40, 23.22, 10.01, 26.66, -87.14 
393517, 21.49, -87.35, -21.42, 23.21, 10.01, 26.13, -87.16 
393554, 37.60, -87.17, -21.41, 23.21, 10.02, 27.28, -87.16 
393591, 28.95, -87.36, -21.42, 23.21, 10.02, 27.44, -87.19 
393628, 29.69, -86.77, -21.43, 23.20, 10.03, 27.65, -87.15 
393665, 21.37, -86.77, -21.43, 23.21, 10.03, 27.03, -87.11 
393702, 28.33, -86.41, -21.43, 23.21, 10.04, 27.16, -87.03 
393739, 12.32, -86.66, -21.44, 23.20, 10.04, 25.67, -87.01