45379, 88.23, 42.14 
45483, 87.57, 34.59 
45587, 87.86, 38.75 
45691, 87.68, 27.67 
45795, 87.28, 19.65 
45899, 88.17, 40.75 
46003, 87.98, 23.29 
46107, 87.72, 30.65 
46211, 87.36, 11.43 
46315, 88.47, 47.05 
46419, 88.27, 28.41 
46523, 87.94, 39.42 
46627, 88.22, 28.35 
46731, 88.18, 35.87 
46835, 88.73, 44.36 
46939, 87.81, 29.98 
47043, 87.73, 24.23 
47147, 87.84, 35.54 
47251, 87.83, 28.03 
47355, 87.78, 26.27 
47459, 88.08, 31.33 
47563, 87.87, 20.47 
47667, 87.95, 16.77 
47771, 88.16, 43.65 
47875, 88.93, 65.14 
47979, 88.76, 34.29 
48083, 88.62, 19.13 
48187, 88.47, 36.03 
48291, 87.65, 42.54 
48395, 88.10, 30.20 
48499, 87.27, 11.65 
48603, 88.21, 41.69 
48707, 87.90, 32.97 
48811, 87.77, 29.36 
48915, 88.30, 32.59 
49019, 88.03, 17.45 
49123, 88.29, 34.55 
49227, 87.85, 30.63 
49331, 87.69, 30.34 
49435, 87.42, 15.95 
49539, 87.86, 24.10 
49643, 88.37, 24.96 
49747, 88.32, 37.94 
49851, 87.79, 12.84 
49955, 88.25, 23.20 
50059, 87.59, 8.60 
50163, 88.02, 9.73 
50267, 88.82, 22.04 
50371, 87.83, 19.09 
50475, 87.55, 16.46 
50579, 87.20, 16.17 
50683, 88.11, 14.83 
50787, 88.44, 39.40 
50891, 88.03, 27.86 
50995, 87.58, 10.42 
51099, 88.50, 2.16 
51203, 88.16, 32.87 
51307, 88.65, 23.63 
51411, 88.47, 23.07 
51515, 87.77, 21.43 
51619, 88.21, -4.54 
51723, 88.06, 4.97 
51827, 87.90, 20.73 
51931, 88.11, 16.62 
52035, 87.64, 4.82 
52139, 88.27, 11.13 
52243, 87.95, 15.32 
52347, 87.83, 21.93 
52451, 87.28, 19.13 
52555, 87.74, 22.42 
52659, 87.72, 8.53 
52763, 87.38, 31.50 
52867, 88.58, 36.50 
52971, 88.01, 34.61 
53075, 86.77, 40.69 
53179, 87.79, 39.01 
53283, 87.75, 51.62 
53387, 85.52, 29.90 
53491, 81.10, 13.83 
53595, 69.60, 12.01 
53699, 65.70, 11.91 
53803, 61.33, 13.94 
53907, 59.95, 13.68 
54011, 53.11, 3.90 
54115, 29.88, -1.92 
54219, 23.63, -1.17 
54323, 20.93, -1.95 
54427, 13.64, -2.96 
54531, 0.12, 0.12 
54634, -0.78, -0.45 
54738, -0.42, -0.47 
54842, -1.34, -0.50 
54946, 0.10, -0.20 
55050, -1.28, -0.68 
55154, -0.86, -0.76 
55258, -0.86, -0.30 
55362, -0.13, 0.00 
55466, -0.43, -0.46 
55570, -0.51, -0.82 
55674, -0.28, -0.60 
55778, -0.68, -0.33 
55882, -0.33, -0.81 
55986, -0.23, 0.00 
56090, -0.88, -0.48 
56194, -0.94, -0.61 
56298, -0.79, -0.79 
56402, -0.43, -0.33 
56506, -0.28, -0.20 
56610, -0.49, -0.41 
56714, 0.20, -0.61 
56818, -0.20, -0.41 
56922, -0.49, -0.03 
57026, -0.76, -0.28 
57130, -0.92, -0.44 
57234, 0.18, -0.53 
57338, -0.20, -0.10 
57442, -0.82, -0.95 
57546, -0.46, -0.97 
57650, -0.38, -0.41 
57754, -0.84, -0.41 
57858, -0.33, 0.20 
57962, -0.28, -0.41 
58066, -0.46, -0.38 
58170, -1.05, 0.08 
58274, -1.05, -0.54 
58378, -0.82, -0.18 
58482, -0.69, -0.97 
58586, -0.72, -0.85 
58690, -0.66, -0.46 
58794, -1.00, -0.31 
58898, 0.33, -0.58 
59002, 3.24, -1.41 
59106, 7.55, -2.28 
59210, -10.15, 8.54 
59314, -11.23, -1.12 
59418, 6.80, 1.27 
59521, 1.27, -9.33 
59625, -1.45, -5.85 
59729, 2.50, 2.73 
59832, 2.37, 2.67 
59935, 0.00, 0.03 
60038, 0.05, 0.36 
60141, 0.66, 0.38 
60244, -0.13, -0.08 
60348, -8.91, 1.42 
60452, 0.69, -0.37 
60556, -3.39, -1.20 
60660, -1.16, 6.60 
60764, -4.42, 2.29 
60868, -3.73, 2.49 
60972, -0.59, 6.34 
61076, -3.17, 1.83 
61180, 3.20, 7.38 
61283, -10.02, 4.49 
61387, -19.06, 13.37 
61491, -30.23, 13.25 
61595, -21.63, 11.36 
61699, -21.77, 7.71 
61803, -30.26, 11.75 
61907, -28.00, 11.55 
62011, -22.56, 13.29 
62115, -20.36, 17.97 
62219, -22.98, 14.39 
62323, -78.57, 70.44 
62427, -70.20, 35.62 
62531, -75.94, 48.32 
62635, -75.72, 45.90 
62739, -76.32, 48.81 
62843, -81.59, 47.71 
62947, -84.32, 60.82 
63051, -85.50, 62.17 
63155, -84.52, 55.95 
63259, -84.57, 51.17 
63363, -85.01, 51.25 
63467, -84.19, 60.57 
63571, -84.67, 52.65 
63675, -84.55, 51.11 
63779, -84.88, 51.99 
63883, -85.16, 54.62 
63987, -85.20, 52.57 
64091, -85.14, 54.08 
64195, -85.10, 56.21 
64299, -85.38, 58.39 
64403, -85.15, 53.56 
64507, -84.95, 55.16 
64611, -84.83, 51.28 
64715, -85.02, 54.66 
64819, -84.77, 52.50 
64923, -84.86, 52.06 
65027, -85.36, 55.83 
65131, -84.82, 55.44 
65235, -85.71, 57.42 
65339, -85.21, 57.16 
65443, -85.42, 56.83 
65547, -85.22, 53.21 
65651, -85.61, 57.29 
65755, -85.15, 55.05 
65859, -84.90, 54.40 
65963, -85.46, 58.01 
66067, -85.22, 56.00 
66171, -85.64, 59.36 
66275, -85.65, 57.41 
66379, -84.84, 52.57 
66483, -85.19, 56.21 
66587, -85.41, 57.49 
66691, -84.98, 51.71 
66795, -84.94, 53.84 
66899, -85.34, 54.83 
67003, -84.92, 55.37 
67107, -85.29, 56.62 
67211, -85.36, 55.77 
67315, -85.89, 59.80 
67419, -84.73, 51.28 
67523, -85.76, 58.35 
67627, -85.58, 56.03 
67731, -85.76, 59.17 
67835, -84.31, 51.17 
67939, -85.58, 61.68 
68043, -84.86, 63.87 
68147, -79.70, 45.43 
68251, -74.32, 47.65 
68355, -72.95, 41.87 
68459, -66.78, 37.07 
68563, -58.26, 39.27 
68667, -58.64, 41.27 
68771, -43.01, 29.33 
68875, -41.37, 30.17 
68979, -33.29, 17.95 
69083, -27.69, 13.71 
69187, -30.09, 24.17 
69291, -23.93, 12.38 
69395, -24.02, 14.11 
69499, -47.84, 2.73 
69603, -23.18, 5.33 
69707, -18.70, 5.48 
69811, -8.06, -0.25 
69915, -6.58, -2.34 
70019, -2.19, 0.10 
70123, 0.13, -0.18 
70227, 9.55, 3.40 
70330, 1.88, 1.13 
70433, -0.60, -0.08 
70537, -0.54, -0.26 
70641, -1.57, -1.83 
70745, -0.73, -1.02 
70849, -0.45, 0.47 
70953, -0.86, 6.49 
71057, -0.44, 3.10 
71161, -0.13, -0.71 
71265, -0.42, -0.18 
71369, -0.29, -0.61 
71473, 2.42, -1.58 
71577, 6.44, -4.43 
71681, 3.65, -0.08 
71785, 0.71, -0.89 
71889, -2.00, 1.67 
71993, 0.44, -0.36 
72097, 2.16, -0.10 
72201, 4.51, 0.90 
72304, 5.12, 0.05 
72407, 2.19, 0.73 
72510, -0.41, 2.32 
72614, 5.85, 0.34 
72717, 1.72, 3.50 
72820, 0.81, -0.36 
72924, 4.94, 0.00 
73027, -3.04, -9.30 
73131, 0.61, -0.32 
73235, -0.87, 1.19 
73339, -0.74, -0.21 
73443, -1.03, 3.76 
73547, 6.10, -0.40 
73651, -1.48, -0.13 
73755, -3.59, -3.44 
73859, -0.08, -5.93 
73963, -2.32, 11.30 
74067, -0.16, -1.08 
74171, 7.95, 4.92 
74274, 1.38, -4.59 
74378, -3.04, 3.73 
74482, -1.03, -3.28 
74586, -1.58, 0.40 
74690, -1.00, -0.29 
74794, -1.51, 0.87 
74898, -0.71, 0.60 
75002, -1.38, 0.90 
75106, -0.89, 0.78 
75210, -0.61, 1.19 
75314, -2.06, 0.37 
75418, -1.63, 0.67 
75522, -1.88, -0.08 
75626, -1.18, -2.61 
75730, -0.49, -8.97 
75834, -0.96, -10.55 
75938, 0.14, -16.17 
76042, 1.51, -19.86 
76146, 1.89, -25.20 
76250, 1.69, -27.90 
76354, 1.80, -29.39 
76458, 3.01, -32.61 
76562, 3.27, -37.82 
76666, 5.04, -44.88 
76770, 6.03, -49.24 
76874, 7.96, -54.93 
76978, 9.66, -58.70 
77082, 8.75, -60.57 
77186, 10.74, -62.57 
77290, 9.38, -63.90 
77394, 10.91, -65.71 
77498, 12.27, -68.13 
77602, 15.12, -69.72 
77706, 14.24, -73.21 
77810, 17.76, -75.48 
77914, 22.33, -77.87 
78018, 17.99, -81.51 
78122, 28.00, -84.19 
78226, 28.21, -85.04 
78330, 20.99, -85.16 
78434, 18.72, -84.91 
78538, 12.57, -85.33 
78642, 17.54, -85.64 
78746, 14.69, -85.39 
78850, 14.38, -84.42 
78954, 23.24, -85.19 
79058, 17.98, -84.62 
79162, 17.84, -85.16 
79266, 9.00, -84.86 
79370, 16.03, -84.96 
79474, 14.65, -85.09 
79578, 16.73, -84.84 
79682, 17.64, -85.10 
79786, 17.61, -85.30 
79890, 12.20, -84.80 
79994, 17.32, -84.76 
80098, 21.67, -85.79 
80202, 15.95, -85.68 
80306, 16.98, -84.28 
80410, 17.03, -85.12 
80514, 14.80, -86.06 
80618, 24.09, -85.49 
80722, 16.67, -85.59 
80826, 9.96, -85.84 
80930, 18.99, -85.63 
81034, 20.92, -85.57 
81138, 21.04, -85.22 
81242, 24.29, -85.41 
81346, 24.30, -85.61 
81450, 18.33, -85.49 
81554, 17.91, -85.41 
81658, 17.34, -84.72 
81762, 14.45, -83.65 
81866, 11.68, -78.20 
81970, 7.06, -74.25 
82074, 1.81, -65.99 
82178, 0.52, -61.68 
82282, 2.83, -56.70 
82386, 1.92, -52.03 
82490, 1.45, -47.81 
82594, 1.18, -44.50 
82698, 0.48, -42.50 
82802, 1.01, -39.23 
82906, 0.00, -34.54 
83010, -0.09, -30.95 
83114, -0.12, -26.82 
83218, -0.17, -23.93 
83322, 4.08, -11.59 
83426, -1.43, -10.75 
83530, -1.61, -7.83 
83634, -0.57, -2.11 
83738, 6.92, 12.77 
83842, -5.78, -3.14 
83946, -2.87, -0.28 
84050, -1.68, 1.55 
84154, -1.20, -0.15 
84258, -0.96, 0.99 
84362, -0.23, -3.28 
84466, -0.35, -5.82 
84570, 3.57, 0.47 
84673, -4.10, 0.58 
84777, 0.23, 6.27 
84880, 2.54, 2.20 
84983, -2.39, 1.03 
85087, -1.64, 1.00 
85191, -6.06, 9.33 
85295, 2.22, -0.92 
85399, -0.42, 2.31 
85503, -6.47, -2.13 
85607, 0.93, -1.40 
85711, -5.95, 0.05 
85815, -1.04, -0.26 
85919, -2.70, 1.34 
86023, -11.69, -28.42 
86127, -0.74, 26.78 
86231, -3.38, 4.10 
86335, 0.70, 10.40 
86439, 32.92, 37.18 
86543, 13.14, 39.33 
86647, 0.94, 51.62 
86751, 12.00, 54.53 
86855, 11.82, 52.99 
86959, 13.14, 57.00 
87063, 15.89, 58.23 
87167, 12.10, 62.65 
87271, 14.53, 65.15 
87375, 14.17, 66.81 
87479, 16.65, 67.87 
87583, 16.59, 69.37 
87687, 17.07, 70.69 
87791, 17.29, 71.40 
87895, 18.35, 73.12 
87999, 21.10, 75.74 
88103, 28.50, 79.33 
88207, 30.85, 81.66 
88311, 41.22, 83.55 
88415, 45.70, 84.38 
88519, 41.90, 84.03 
88623, 44.70, 84.61 
88727, 42.65, 84.74 
88831, 46.80, 85.27 
88935, 51.08, 85.77 
89039, 44.13, 85.31 
89143, 50.34, 85.55 
89247, 49.01, 85.40 
89351, 46.25, 84.94 
89455, 43.44, 84.74 
89559, 47.93, 85.09 
89663, 45.98, 85.18 
89767, 43.98, 85.15 
89871, 43.06, 84.91 
89975, 47.49, 85.42 
90079, 43.51, 85.10 
90183, 49.30, 85.40 
90287, 47.94, 85.91 
90391, 49.16, 85.79 
90495, 43.06, 84.94 
90599, 43.40, 85.43 
90703, 46.65, 85.74 
90807, 47.62, 85.34 
90911, 48.52, 85.53 
91015, 50.08, 85.58 
91119, 47.69, 85.45 
91223, 46.85, 85.41 
91327, 55.14, 86.09 
91431, 46.93, 85.61 
91535, 49.92, 85.68 
91639, 53.36, 85.84 
91743, 51.44, 85.35 
91847, 47.50, 85.08 
91951, 49.47, 85.37 
92055, 48.33, 85.72 
92159, 51.38, 85.58 
92263, 48.26, 85.14 
92367, 49.32, 85.58 
92471, 47.52, 85.44 
92575, 53.64, 85.93 
92679, 53.08, 86.01 
92783, 52.36, 85.19 
92887, 51.62, 84.96 
92991, 52.60, 84.43 
93095, 53.23, 84.02 
93199, 51.70, 83.59 
93303, 43.78, 81.26 
93407, 27.03, 71.44 
93511, 10.45, 54.51 
93615, 13.04, 39.86 
93719, 7.17, 29.83 
93823, 5.59, 41.91 
93927, -6.75, 25.38 
94031, 42.18, 17.08 
94135, -75.99, 8.56 
94239, -22.59, 28.71 
94343, -1.59, 35.93 
94447, 10.93, 20.46 
94551, 14.04, 17.94 
94655, 14.27, 13.88 
94759, 23.87, 16.36 
94863, 21.34, 26.24 
94967, 62.08, 58.53 
95071, 25.58, 24.85 
95175, 38.72, 43.02 
95279, 35.57, 42.91 
95383, 35.89, 44.27 
95487, 36.06, 45.20 
95591, 36.24, 46.12 
95695, 35.99, 44.81 
95799, 36.35, 45.99 
95903, 36.14, 45.52 
96007, 37.27, 45.85 
96111, 37.34, 46.42 
96215, 36.47, 45.11 
96319, 37.38, 46.20 
96423, 37.67, 45.82 
96527, 36.91, 45.96 
96631, 37.29, 45.66 
96735, 37.95, 46.22 
96839, 37.37, 45.85 
96943, 37.03, 46.02 
97047, 38.03, 46.18 
97151, 36.24, 45.15 
97255, 38.14, 46.45 
97359, 37.42, 46.29 
97463, 38.12, 46.86 
97567, 36.81, 45.66 
97671, 36.20, 45.48 
97775, 37.42, 45.68 
97879, 36.32, 45.26 
97983, 37.16, 45.78 
98087, 37.97, 46.05 
98191, 37.92, 45.81 
98295, 37.15, 46.24 
98399, 37.69, 45.57 
98503, 37.62, 45.70 
98607, 36.64, 45.33 
98711, 38.44, 45.75 
98815, 37.46, 45.70 
98919, 38.33, 46.47 
99023, 37.65, 45.73 
99127, 38.30, 45.72 
99231, 38.62, 46.42 
99335, 37.95, 45.81 
99439, 37.62, 45.61 
99543, 37.72, 45.84 
99647, 36.54, 45.74 
99751, 37.28, 45.57 
99855, 37.68, 46.34 
99959, 37.56, 46.10 
100063, 37.07, 45.44 
100167, 37.22, 45.04 
100271, 37.50, 45.09 
100375, 37.81, 45.55 
100479, 37.93, 44.32 
100583, 36.50, 45.76 
100687, 38.47, 45.85 
100791, 37.74, 44.38 
100895, 37.75, 45.77 
100999, 37.84, 45.33 
101103, 37.45, 45.33 
101207, 37.56, 45.63 
101311, 37.94, 45.37 
101415, 37.79, 45.11 
101519, 37.61, 45.20 
101623, 39.03, 46.24 
101727, 38.01, 46.06 
101831, 37.58, 45.57 
101935, 38.30, 44.87 
102039, 36.92, 45.29 
102143, 37.04, 45.52 
102247, 37.75, 45.46 
102351, 37.72, 45.20 
102455, 37.62, 44.87 
102559, 38.05, 45.86 
102663, 37.79, 45.26 
102767, 38.20, 45.49 
102871, 37.84, 45.26 